    1.00000000000000E+00     2.18900000000000E+03
    2.00000000000000E+00     2.37700000000000E+03
    3.00000000000000E+00     2.36400000000000E+03
    4.00000000000000E+00     2.43400000000000E+03
    5.00000000000000E+00     2.32200000000000E+03
    6.00000000000000E+00     2.43800000000000E+03
    7.00000000000000E+00     2.37000000000000E+03
    8.00000000000000E+00     2.36300000000000E+03
    9.00000000000000E+00     2.32100000000000E+03
    1.00000000000000E+01     2.35900000000000E+03
    1.10000000000000E+01     2.44800000000000E+03
    1.20000000000000E+01     2.37500000000000E+03
    1.30000000000000E+01     2.48500000000000E+03
    1.40000000000000E+01     2.26100000000000E+03
    1.50000000000000E+01     2.36200000000000E+03
    1.60000000000000E+01     2.39100000000000E+03
    1.70000000000000E+01     2.50300000000000E+03
    1.80000000000000E+01     2.50100000000000E+03
    1.90000000000000E+01     2.44800000000000E+03
    2.00000000000000E+01     2.23200000000000E+03
    2.10000000000000E+01     2.22200000000000E+03
    2.20000000000000E+01     2.41700000000000E+03
    2.30000000000000E+01     2.21700000000000E+03
    2.40000000000000E+01     2.40900000000000E+03
    2.50000000000000E+01     2.19000000000000E+03
    2.60000000000000E+01     2.34900000000000E+03
    2.70000000000000E+01     2.30700000000000E+03
    2.80000000000000E+01     2.54100000000000E+03
    2.90000000000000E+01     2.41900000000000E+03
    3.00000000000000E+01     2.17800000000000E+03
    3.10000000000000E+01     2.24900000000000E+03
    3.20000000000000E+01     2.42400000000000E+03
    3.30000000000000E+01     2.32700000000000E+03
    3.40000000000000E+01     2.34700000000000E+03
    3.50000000000000E+01     2.47200000000000E+03
    3.60000000000000E+01     2.27100000000000E+03
    3.70000000000000E+01     2.45000000000000E+03
    3.80000000000000E+01     2.16900000000000E+03
    3.90000000000000E+01     2.53100000000000E+03
    4.00000000000000E+01     2.45300000000000E+03
    4.10000000000000E+01     2.37700000000000E+03
    4.20000000000000E+01     2.66800000000000E+03
    4.30000000000000E+01     2.48100000000000E+03
    4.40000000000000E+01     2.65200000000000E+03
    4.50000000000000E+01     2.70800000000000E+03
    4.60000000000000E+01     2.66500000000000E+03
    4.70000000000000E+01     2.67200000000000E+03
    4.80000000000000E+01     2.70800000000000E+03
    4.90000000000000E+01     2.36400000000000E+03
    5.00000000000000E+01     2.50100000000000E+03
    5.10000000000000E+01     2.53600000000000E+03
    5.20000000000000E+01     2.47800000000000E+03
    5.30000000000000E+01     2.29800000000000E+03
    5.40000000000000E+01     2.24300000000000E+03
    5.50000000000000E+01     2.32500000000000E+03
    5.60000000000000E+01     2.42100000000000E+03
    5.70000000000000E+01     2.05300000000000E+03
    5.80000000000000E+01     2.05500000000000E+03
    5.90000000000000E+01     2.19800000000000E+03
    6.00000000000000E+01     2.31000000000000E+03
    6.10000000000000E+01     2.34400000000000E+03
    6.20000000000000E+01     2.72100000000000E+03
    6.30000000000000E+01     2.95000000000000E+03
    6.40000000000000E+01     2.75600000000000E+03
    6.50000000000000E+01     2.86900000000000E+03
    6.60000000000000E+01     2.97400000000000E+03
    6.70000000000000E+01     2.96400000000000E+03
    6.80000000000000E+01     2.96300000000000E+03
    6.90000000000000E+01     3.00900000000000E+03
    7.00000000000000E+01     3.26100000000000E+03
    7.10000000000000E+01     3.24700000000000E+03
    7.20000000000000E+01     3.29700000000000E+03
    7.30000000000000E+01     3.43500000000000E+03
    7.40000000000000E+01     3.48300000000000E+03
    7.50000000000000E+01     3.63300000000000E+03
    7.60000000000000E+01     3.82500000000000E+03
    7.70000000000000E+01     3.95300000000000E+03
    7.80000000000000E+01     3.78900000000000E+03
    7.90000000000000E+01     4.16200000000000E+03
    8.00000000000000E+01     4.31800000000000E+03
    8.10000000000000E+01     4.68100000000000E+03
    8.20000000000000E+01     4.64300000000000E+03
    8.30000000000000E+01     4.45900000000000E+03
    8.40000000000000E+01     4.68700000000000E+03
    8.50000000000000E+01     4.91300000000000E+03
    8.60000000000000E+01     5.12800000000000E+03
    8.70000000000000E+01     5.29200000000000E+03
    8.80000000000000E+01     5.66100000000000E+03
    8.90000000000000E+01     5.63200000000000E+03
    9.00000000000000E+01     6.01900000000000E+03
    9.10000000000000E+01     6.38700000000000E+03
    9.20000000000000E+01     6.58100000000000E+03
    9.30000000000000E+01     6.78300000000000E+03
    9.40000000000000E+01     7.02100000000000E+03
    9.50000000000000E+01     6.99400000000000E+03
    9.60000000000000E+01     7.13300000000000E+03
    9.70000000000000E+01     7.69900000000000E+03
    9.80000000000000E+01     8.06400000000000E+03
    9.90000000000000E+01     8.01600000000000E+03
    1.00000000000000E+02     8.31700000000000E+03
    1.01000000000000E+02     8.58700000000000E+03
    1.02000000000000E+02     9.12500000000000E+03
    1.03000000000000E+02     9.36000000000000E+03
    1.04000000000000E+02     1.04530000000000E+04
    1.05000000000000E+02     1.11750000000000E+04
    1.06000000000000E+02     1.20990000000000E+04
