    1.00000000000000E+00     2.23800000000000E+03
    2.00000000000000E+00     2.50400000000000E+03
    3.00000000000000E+00     2.36800000000000E+03
    4.00000000000000E+00     2.51900000000000E+03
    5.00000000000000E+00     2.31500000000000E+03
    6.00000000000000E+00     2.40300000000000E+03
    7.00000000000000E+00     2.27700000000000E+03
    8.00000000000000E+00     2.54600000000000E+03
    9.00000000000000E+00     2.31100000000000E+03
    1.00000000000000E+01     2.48700000000000E+03
    1.10000000000000E+01     2.09500000000000E+03
    1.20000000000000E+01     2.06400000000000E+03
    1.30000000000000E+01     2.43800000000000E+03
    1.40000000000000E+01     1.99900000000000E+03
    1.50000000000000E+01     1.92700000000000E+03
    1.60000000000000E+01     2.09700000000000E+03
    1.70000000000000E+01     2.21800000000000E+03
    1.80000000000000E+01     2.38500000000000E+03
    1.90000000000000E+01     2.41200000000000E+03
    2.00000000000000E+01     2.52600000000000E+03
    2.10000000000000E+01     2.42800000000000E+03
    2.20000000000000E+01     2.31400000000000E+03
    2.30000000000000E+01     2.41800000000000E+03
    2.40000000000000E+01     2.09300000000000E+03
    2.50000000000000E+01     1.91800000000000E+03
    2.60000000000000E+01     2.20600000000000E+03
    2.70000000000000E+01     2.31300000000000E+03
    2.80000000000000E+01     2.33000000000000E+03
    2.90000000000000E+01     2.56400000000000E+03
    3.00000000000000E+01     2.43600000000000E+03
    3.10000000000000E+01     2.38100000000000E+03
    3.20000000000000E+01     2.65400000000000E+03
    3.30000000000000E+01     2.56400000000000E+03
    3.40000000000000E+01     2.68200000000000E+03
    3.50000000000000E+01     2.61400000000000E+03
    3.60000000000000E+01     2.48600000000000E+03
    3.70000000000000E+01     2.43000000000000E+03
    3.80000000000000E+01     2.19100000000000E+03
    3.90000000000000E+01     1.90100000000000E+03
    4.00000000000000E+01     2.11600000000000E+03
    4.10000000000000E+01     2.18700000000000E+03
    4.20000000000000E+01     2.29200000000000E+03
    4.30000000000000E+01     2.41900000000000E+03
    4.40000000000000E+01     2.42500000000000E+03
    4.50000000000000E+01     2.15800000000000E+03
    4.60000000000000E+01     2.16200000000000E+03
    4.70000000000000E+01     2.28500000000000E+03
    4.80000000000000E+01     2.36500000000000E+03
    4.90000000000000E+01     2.33200000000000E+03
    5.00000000000000E+01     2.28400000000000E+03
    5.10000000000000E+01     2.46500000000000E+03
    5.20000000000000E+01     2.45100000000000E+03
    5.30000000000000E+01     2.58100000000000E+03
    5.40000000000000E+01     2.51500000000000E+03
    5.50000000000000E+01     2.66400000000000E+03
    5.60000000000000E+01     2.60300000000000E+03
    5.70000000000000E+01     3.04800000000000E+03
    5.80000000000000E+01     3.02200000000000E+03
    5.90000000000000E+01     2.95200000000000E+03
    6.00000000000000E+01     3.01700000000000E+03
    6.10000000000000E+01     3.11900000000000E+03
    6.20000000000000E+01     3.11000000000000E+03
    6.30000000000000E+01     3.32400000000000E+03
    6.40000000000000E+01     3.52900000000000E+03
    6.50000000000000E+01     3.55000000000000E+03
    6.60000000000000E+01     3.44500000000000E+03
    6.70000000000000E+01     3.46600000000000E+03
    6.80000000000000E+01     3.62300000000000E+03
    6.90000000000000E+01     3.77400000000000E+03
    7.00000000000000E+01     4.01600000000000E+03
    7.10000000000000E+01     4.01800000000000E+03
    7.20000000000000E+01     4.12100000000000E+03
    7.30000000000000E+01     4.25500000000000E+03
    7.40000000000000E+01     4.07100000000000E+03
    7.50000000000000E+01     4.20000000000000E+03
    7.60000000000000E+01     4.07100000000000E+03
    7.70000000000000E+01     4.22700000000000E+03
    7.80000000000000E+01     4.44000000000000E+03
    7.90000000000000E+01     4.33400000000000E+03
    8.00000000000000E+01     4.69300000000000E+03
    8.10000000000000E+01     5.09900000000000E+03
    8.20000000000000E+01     5.00500000000000E+03
    8.30000000000000E+01     4.96000000000000E+03
    8.40000000000000E+01     5.22400000000000E+03
    8.50000000000000E+01     5.44100000000000E+03
    8.60000000000000E+01     5.62600000000000E+03
    8.70000000000000E+01     5.69100000000000E+03
    8.80000000000000E+01     5.95000000000000E+03
    8.90000000000000E+01     6.22100000000000E+03
    9.00000000000000E+01     6.43700000000000E+03
    9.10000000000000E+01     6.78400000000000E+03
    9.20000000000000E+01     7.00100000000000E+03
    9.30000000000000E+01     7.29600000000000E+03
    9.40000000000000E+01     7.60600000000000E+03
    9.50000000000000E+01     7.79100000000000E+03
    9.60000000000000E+01     8.15000000000000E+03
    9.70000000000000E+01     8.55200000000000E+03
    9.80000000000000E+01     8.79100000000000E+03
    9.90000000000000E+01     9.18100000000000E+03
    1.00000000000000E+02     9.94200000000000E+03
    1.01000000000000E+02     1.14850000000000E+04
    1.02000000000000E+02     1.29620000000000E+04
