    1.00000000000000E+00     2.12800000000000E+03
    2.00000000000000E+00     2.15900000000000E+03
    3.00000000000000E+00     2.12000000000000E+03
    4.00000000000000E+00     2.40000000000000E+03
    5.00000000000000E+00     2.38000000000000E+03
    6.00000000000000E+00     2.43500000000000E+03
    7.00000000000000E+00     2.42300000000000E+03
    8.00000000000000E+00     2.37000000000000E+03
    9.00000000000000E+00     2.43100000000000E+03
    1.00000000000000E+01     2.34600000000000E+03
    1.10000000000000E+01     2.55800000000000E+03
    1.20000000000000E+01     2.47300000000000E+03
    1.30000000000000E+01     2.37000000000000E+03
    1.40000000000000E+01     2.45400000000000E+03
    1.50000000000000E+01     2.35700000000000E+03
    1.60000000000000E+01     2.43200000000000E+03
    1.70000000000000E+01     2.40000000000000E+03
    1.80000000000000E+01     2.43200000000000E+03
    1.90000000000000E+01     2.33200000000000E+03
    2.00000000000000E+01     2.35700000000000E+03
    2.10000000000000E+01     2.27200000000000E+03
    2.20000000000000E+01     2.16100000000000E+03
    2.30000000000000E+01     2.21100000000000E+03
    2.40000000000000E+01     2.37000000000000E+03
    2.50000000000000E+01     2.47700000000000E+03
    2.60000000000000E+01     2.41200000000000E+03
    2.70000000000000E+01     2.51500000000000E+03
    2.80000000000000E+01     2.64300000000000E+03
    2.90000000000000E+01     2.57500000000000E+03
    3.00000000000000E+01     2.81700000000000E+03
    3.10000000000000E+01     2.69200000000000E+03
    3.20000000000000E+01     2.61800000000000E+03
    3.30000000000000E+01     2.73900000000000E+03
    3.40000000000000E+01     2.77100000000000E+03
    3.50000000000000E+01     3.00300000000000E+03
    3.60000000000000E+01     2.84100000000000E+03
    3.70000000000000E+01     2.66500000000000E+03
    3.80000000000000E+01     2.36100000000000E+03
    3.90000000000000E+01     2.18100000000000E+03
    4.00000000000000E+01     2.19800000000000E+03
    4.10000000000000E+01     2.41400000000000E+03
    4.20000000000000E+01     2.13700000000000E+03
    4.30000000000000E+01     2.24400000000000E+03
    4.40000000000000E+01     2.28200000000000E+03
    4.50000000000000E+01     2.53800000000000E+03
    4.60000000000000E+01     2.38900000000000E+03
    4.70000000000000E+01     2.48600000000000E+03
    4.80000000000000E+01     2.55800000000000E+03
    4.90000000000000E+01     2.52300000000000E+03
    5.00000000000000E+01     2.49600000000000E+03
    5.10000000000000E+01     2.34100000000000E+03
    5.20000000000000E+01     2.52700000000000E+03
    5.30000000000000E+01     2.45900000000000E+03
    5.40000000000000E+01     2.67400000000000E+03
    5.50000000000000E+01     2.64700000000000E+03
    5.60000000000000E+01     2.68500000000000E+03
    5.70000000000000E+01     2.58100000000000E+03
    5.80000000000000E+01     2.55500000000000E+03
    5.90000000000000E+01     2.51600000000000E+03
    6.00000000000000E+01     2.43700000000000E+03
    6.10000000000000E+01     2.27300000000000E+03
    6.20000000000000E+01     1.99200000000000E+03
    6.30000000000000E+01     2.01600000000000E+03
    6.40000000000000E+01     2.05900000000000E+03
    6.50000000000000E+01     2.10500000000000E+03
    6.60000000000000E+01     2.33500000000000E+03
    6.70000000000000E+01     2.27200000000000E+03
    6.80000000000000E+01     2.43500000000000E+03
    6.90000000000000E+01     2.38900000000000E+03
    7.00000000000000E+01     2.61100000000000E+03
    7.10000000000000E+01     2.64200000000000E+03
    7.20000000000000E+01     2.44000000000000E+03
    7.30000000000000E+01     2.48900000000000E+03
    7.40000000000000E+01     2.19000000000000E+03
    7.50000000000000E+01     2.38700000000000E+03
    7.60000000000000E+01     2.24700000000000E+03
    7.70000000000000E+01     2.50600000000000E+03
    7.80000000000000E+01     2.28000000000000E+03
    7.90000000000000E+01     2.38500000000000E+03
    8.00000000000000E+01     2.30500000000000E+03
    8.10000000000000E+01     2.43400000000000E+03
    8.20000000000000E+01     2.21000000000000E+03
    8.30000000000000E+01     2.19200000000000E+03
    8.40000000000000E+01     2.47000000000000E+03
    8.50000000000000E+01     2.43600000000000E+03
    8.60000000000000E+01     2.27300000000000E+03
    8.70000000000000E+01     2.42300000000000E+03
    8.80000000000000E+01     2.28400000000000E+03
    8.90000000000000E+01     2.44800000000000E+03
    9.00000000000000E+01     2.14700000000000E+03
    9.10000000000000E+01     2.10400000000000E+03
    9.20000000000000E+01     2.20000000000000E+03
    9.30000000000000E+01     2.33800000000000E+03
    9.40000000000000E+01     2.41700000000000E+03
    9.50000000000000E+01     2.41100000000000E+03
    9.60000000000000E+01     2.54200000000000E+03
    9.70000000000000E+01     2.43800000000000E+03
    9.80000000000000E+01     2.40400000000000E+03
    9.90000000000000E+01     2.31200000000000E+03
    1.00000000000000E+02     2.22900000000000E+03
    1.01000000000000E+02     2.10500000000000E+03
    1.02000000000000E+02     2.31500000000000E+03
    1.03000000000000E+02     2.35900000000000E+03
    1.04000000000000E+02     2.38200000000000E+03
    1.05000000000000E+02     2.32500000000000E+03
    1.06000000000000E+02     2.63500000000000E+03
    1.07000000000000E+02     2.60700000000000E+03
    1.08000000000000E+02     2.61800000000000E+03
    1.09000000000000E+02     2.80200000000000E+03
    1.10000000000000E+02     2.60500000000000E+03
    1.11000000000000E+02     2.58200000000000E+03
    1.12000000000000E+02     2.53600000000000E+03
    1.13000000000000E+02     2.37300000000000E+03
    1.14000000000000E+02     2.43400000000000E+03
    1.15000000000000E+02     2.47700000000000E+03
    1.16000000000000E+02     2.62400000000000E+03
    1.17000000000000E+02     2.53500000000000E+03
    1.18000000000000E+02     2.33000000000000E+03
    1.19000000000000E+02     2.13300000000000E+03
    1.20000000000000E+02     2.21100000000000E+03
    1.21000000000000E+02     2.14800000000000E+03
    1.22000000000000E+02     2.24600000000000E+03
    1.23000000000000E+02     2.39800000000000E+03
    1.24000000000000E+02     2.43400000000000E+03
    1.25000000000000E+02     2.39700000000000E+03
    1.26000000000000E+02     2.25300000000000E+03
    1.27000000000000E+02     2.40100000000000E+03
    1.28000000000000E+02     2.25800000000000E+03
    1.29000000000000E+02     2.23600000000000E+03
    1.30000000000000E+02     2.39400000000000E+03
    1.31000000000000E+02     2.23000000000000E+03
    1.32000000000000E+02     2.26300000000000E+03
    1.33000000000000E+02     2.28900000000000E+03
    1.34000000000000E+02     2.14500000000000E+03
    1.35000000000000E+02     2.30000000000000E+03
    1.36000000000000E+02     2.35700000000000E+03
    1.37000000000000E+02     2.43600000000000E+03
    1.38000000000000E+02     2.27900000000000E+03
    1.39000000000000E+02     2.34000000000000E+03
    1.40000000000000E+02     2.32700000000000E+03
    1.41000000000000E+02     2.23500000000000E+03
    1.42000000000000E+02     2.46800000000000E+03
    1.43000000000000E+02     2.50400000000000E+03
    1.44000000000000E+02     2.36700000000000E+03
    1.45000000000000E+02     2.49500000000000E+03
    1.46000000000000E+02     2.50800000000000E+03
    1.47000000000000E+02     2.31100000000000E+03
    1.48000000000000E+02     2.49300000000000E+03
    1.49000000000000E+02     2.38600000000000E+03
    1.50000000000000E+02     2.63500000000000E+03
    1.51000000000000E+02     2.50400000000000E+03
    1.52000000000000E+02     2.52200000000000E+03
    1.53000000000000E+02     2.40900000000000E+03
    1.54000000000000E+02     2.37000000000000E+03
    1.55000000000000E+02     2.53000000000000E+03
    1.56000000000000E+02     2.41900000000000E+03
    1.57000000000000E+02     2.51800000000000E+03
    1.58000000000000E+02     2.32300000000000E+03
    1.59000000000000E+02     2.10400000000000E+03
    1.60000000000000E+02     2.09400000000000E+03
    1.61000000000000E+02     2.38300000000000E+03
    1.62000000000000E+02     2.40100000000000E+03
    1.63000000000000E+02     2.38900000000000E+03
    1.64000000000000E+02     2.49700000000000E+03
    1.65000000000000E+02     2.48100000000000E+03
    1.66000000000000E+02     2.69500000000000E+03
    1.67000000000000E+02     2.73700000000000E+03
    1.68000000000000E+02     2.84100000000000E+03
    1.69000000000000E+02     2.86300000000000E+03
    1.70000000000000E+02     2.97100000000000E+03
    1.71000000000000E+02     2.90200000000000E+03
    1.72000000000000E+02     3.06300000000000E+03
    1.73000000000000E+02     3.16600000000000E+03
    1.74000000000000E+02     2.90800000000000E+03
    1.75000000000000E+02     2.91600000000000E+03
    1.76000000000000E+02     2.56600000000000E+03
    1.77000000000000E+02     2.58000000000000E+03
    1.78000000000000E+02     2.51000000000000E+03
    1.79000000000000E+02     2.57300000000000E+03
    1.80000000000000E+02     2.45200000000000E+03
    1.81000000000000E+02     2.54800000000000E+03
    1.82000000000000E+02     2.74000000000000E+03
    1.83000000000000E+02     2.82900000000000E+03
    1.84000000000000E+02     2.80200000000000E+03
    1.85000000000000E+02     2.66500000000000E+03
    1.86000000000000E+02     2.52300000000000E+03
    1.87000000000000E+02     2.39600000000000E+03
    1.88000000000000E+02     2.19500000000000E+03
    1.89000000000000E+02     1.59200000000000E+03
    1.90000000000000E+02     1.77400000000000E+03
    1.91000000000000E+02     1.95700000000000E+03
    1.92000000000000E+02     2.02700000000000E+03
    1.93000000000000E+02     2.10700000000000E+03
    1.94000000000000E+02     2.19200000000000E+03
    1.95000000000000E+02     2.21500000000000E+03
    1.96000000000000E+02     2.26400000000000E+03
    1.97000000000000E+02     2.41700000000000E+03
    1.98000000000000E+02     2.17600000000000E+03
    1.99000000000000E+02     2.23200000000000E+03
    2.00000000000000E+02     2.31600000000000E+03
    2.01000000000000E+02     2.36800000000000E+03
    2.02000000000000E+02     2.49100000000000E+03
    2.03000000000000E+02     2.15500000000000E+03
    2.04000000000000E+02     2.16000000000000E+03
    2.05000000000000E+02     2.26200000000000E+03
    2.06000000000000E+02     2.34400000000000E+03
    2.07000000000000E+02     2.22500000000000E+03
    2.08000000000000E+02     2.40100000000000E+03
    2.09000000000000E+02     2.56700000000000E+03
    2.10000000000000E+02     2.55800000000000E+03
    2.11000000000000E+02     2.29900000000000E+03
    2.12000000000000E+02     2.39900000000000E+03
    2.13000000000000E+02     2.24000000000000E+03
    2.14000000000000E+02     2.37800000000000E+03
    2.15000000000000E+02     2.56600000000000E+03
    2.16000000000000E+02     2.45100000000000E+03
    2.17000000000000E+02     2.49000000000000E+03
    2.18000000000000E+02     2.34300000000000E+03
    2.19000000000000E+02     2.56200000000000E+03
    2.20000000000000E+02     2.40900000000000E+03
    2.21000000000000E+02     2.31500000000000E+03
    2.22000000000000E+02     2.59000000000000E+03
    2.23000000000000E+02     2.65600000000000E+03
    2.24000000000000E+02     2.41800000000000E+03
    2.25000000000000E+02     2.21200000000000E+03
    2.26000000000000E+02     2.26100000000000E+03
    2.27000000000000E+02     2.35100000000000E+03
    2.28000000000000E+02     2.34600000000000E+03
    2.29000000000000E+02     2.50900000000000E+03
    2.30000000000000E+02     2.36600000000000E+03
    2.31000000000000E+02     2.23400000000000E+03
    2.32000000000000E+02     2.27300000000000E+03
    2.33000000000000E+02     2.45300000000000E+03
    2.34000000000000E+02     2.39800000000000E+03
    2.35000000000000E+02     2.44900000000000E+03
    2.36000000000000E+02     2.19000000000000E+03
    2.37000000000000E+02     1.79000000000000E+03
    2.38000000000000E+02     1.83400000000000E+03
    2.39000000000000E+02     1.90800000000000E+03
    2.40000000000000E+02     1.98000000000000E+03
    2.41000000000000E+02     2.10900000000000E+03
    2.42000000000000E+02     2.29200000000000E+03
    2.43000000000000E+02     2.37600000000000E+03
    2.44000000000000E+02     2.39000000000000E+03
    2.45000000000000E+02     2.46400000000000E+03
    2.46000000000000E+02     2.35900000000000E+03
    2.47000000000000E+02     2.62700000000000E+03
    2.48000000000000E+02     2.68000000000000E+03
    2.49000000000000E+02     2.65800000000000E+03
    2.50000000000000E+02     2.73200000000000E+03
    2.51000000000000E+02     2.62000000000000E+03
    2.52000000000000E+02     2.61300000000000E+03
    2.53000000000000E+02     2.43100000000000E+03
    2.54000000000000E+02     2.22700000000000E+03
    2.55000000000000E+02     1.86800000000000E+03
    2.56000000000000E+02     1.89200000000000E+03
    2.57000000000000E+02     2.03600000000000E+03
    2.58000000000000E+02     2.10100000000000E+03
    2.59000000000000E+02     2.21400000000000E+03
    2.60000000000000E+02     2.41100000000000E+03
    2.61000000000000E+02     2.56400000000000E+03
    2.62000000000000E+02     2.32600000000000E+03
    2.63000000000000E+02     2.19200000000000E+03
    2.64000000000000E+02     2.33000000000000E+03
    2.65000000000000E+02     2.44600000000000E+03
    2.66000000000000E+02     2.34600000000000E+03
    2.67000000000000E+02     2.45200000000000E+03
    2.68000000000000E+02     2.28200000000000E+03
    2.69000000000000E+02     2.35600000000000E+03
    2.70000000000000E+02     2.45400000000000E+03
    2.71000000000000E+02     2.21100000000000E+03
    2.72000000000000E+02     2.25800000000000E+03
    2.73000000000000E+02     2.34900000000000E+03
    2.74000000000000E+02     2.21200000000000E+03
    2.75000000000000E+02     2.43400000000000E+03
    2.76000000000000E+02     2.35500000000000E+03
    2.77000000000000E+02     2.35900000000000E+03
    2.78000000000000E+02     2.31100000000000E+03
    2.79000000000000E+02     2.68400000000000E+03
    2.80000000000000E+02     2.61200000000000E+03
    2.81000000000000E+02     2.69200000000000E+03
    2.82000000000000E+02     2.55200000000000E+03
    2.83000000000000E+02     2.78100000000000E+03
    2.84000000000000E+02     2.74700000000000E+03
    2.85000000000000E+02     2.90500000000000E+03
    2.86000000000000E+02     2.62700000000000E+03
    2.87000000000000E+02     2.73700000000000E+03
    2.88000000000000E+02     2.83100000000000E+03
    2.89000000000000E+02     2.88500000000000E+03
    2.90000000000000E+02     2.84500000000000E+03
    2.91000000000000E+02     2.90600000000000E+03
    2.92000000000000E+02     2.96500000000000E+03
    2.93000000000000E+02     2.89100000000000E+03
    2.94000000000000E+02     2.58900000000000E+03
    2.95000000000000E+02     2.71800000000000E+03
    2.96000000000000E+02     2.62500000000000E+03
    2.97000000000000E+02     2.76200000000000E+03
    2.98000000000000E+02     2.47000000000000E+03
    2.99000000000000E+02     2.46100000000000E+03
    3.00000000000000E+02     2.22200000000000E+03
    3.01000000000000E+02     1.67900000000000E+03
    3.02000000000000E+02     1.79200000000000E+03
    3.03000000000000E+02     1.91200000000000E+03
    3.04000000000000E+02     2.14800000000000E+03
    3.05000000000000E+02     2.12000000000000E+03
    3.06000000000000E+02     2.33900000000000E+03
    3.07000000000000E+02     2.49100000000000E+03
    3.08000000000000E+02     2.64400000000000E+03
    3.09000000000000E+02     2.58100000000000E+03
    3.10000000000000E+02     2.60700000000000E+03
    3.11000000000000E+02     2.55200000000000E+03
    3.12000000000000E+02     2.68100000000000E+03
    3.13000000000000E+02     2.55200000000000E+03
    3.14000000000000E+02     2.45600000000000E+03
    3.15000000000000E+02     2.21700000000000E+03
    3.16000000000000E+02     2.04300000000000E+03
    3.17000000000000E+02     2.20900000000000E+03
    3.18000000000000E+02     2.37000000000000E+03
    3.19000000000000E+02     2.41800000000000E+03
    3.20000000000000E+02     2.30200000000000E+03
    3.21000000000000E+02     2.29500000000000E+03
    3.22000000000000E+02     2.29200000000000E+03
    3.23000000000000E+02     2.35600000000000E+03
    3.24000000000000E+02     2.58000000000000E+03
    3.25000000000000E+02     2.50800000000000E+03
    3.26000000000000E+02     2.44600000000000E+03
    3.27000000000000E+02     2.44300000000000E+03
    3.28000000000000E+02     2.37300000000000E+03
    3.29000000000000E+02     2.38000000000000E+03
    3.30000000000000E+02     2.39700000000000E+03
    3.31000000000000E+02     2.36000000000000E+03
    3.32000000000000E+02     2.38200000000000E+03
    3.33000000000000E+02     2.59400000000000E+03
    3.34000000000000E+02     2.32000000000000E+03
    3.35000000000000E+02     2.47500000000000E+03
    3.36000000000000E+02     2.29300000000000E+03
    3.37000000000000E+02     2.38000000000000E+03
    3.38000000000000E+02     2.49700000000000E+03
    3.39000000000000E+02     2.44700000000000E+03
    3.40000000000000E+02     2.31700000000000E+03
    3.41000000000000E+02     2.55600000000000E+03
    3.42000000000000E+02     2.42100000000000E+03
    3.43000000000000E+02     2.22900000000000E+03
    3.44000000000000E+02     2.32400000000000E+03
    3.45000000000000E+02     2.20600000000000E+03
    3.46000000000000E+02     2.26800000000000E+03
    3.47000000000000E+02     2.50000000000000E+03
    3.48000000000000E+02     2.19300000000000E+03
    3.49000000000000E+02     2.16000000000000E+03
    3.50000000000000E+02     2.30200000000000E+03
    3.51000000000000E+02     2.45800000000000E+03
    3.52000000000000E+02     2.31700000000000E+03
    3.53000000000000E+02     2.36900000000000E+03
    3.54000000000000E+02     2.51700000000000E+03
    3.55000000000000E+02     2.49200000000000E+03
    3.56000000000000E+02     2.36300000000000E+03
    3.57000000000000E+02     2.53200000000000E+03
    3.58000000000000E+02     2.67100000000000E+03
    3.59000000000000E+02     2.44000000000000E+03
    3.60000000000000E+02     2.17700000000000E+03
    3.61000000000000E+02     1.91400000000000E+03
    3.62000000000000E+02     1.95200000000000E+03
    3.63000000000000E+02     1.87200000000000E+03
    3.64000000000000E+02     1.91300000000000E+03
    3.65000000000000E+02     2.03300000000000E+03
    3.66000000000000E+02     2.14200000000000E+03
    3.67000000000000E+02     2.25200000000000E+03
    3.68000000000000E+02     2.38100000000000E+03
    3.69000000000000E+02     2.44500000000000E+03
    3.70000000000000E+02     2.33200000000000E+03
    3.71000000000000E+02     2.53600000000000E+03
    3.72000000000000E+02     2.32600000000000E+03
    3.73000000000000E+02     2.52200000000000E+03
    3.74000000000000E+02     2.39900000000000E+03
    3.75000000000000E+02     2.35200000000000E+03
    3.76000000000000E+02     2.30900000000000E+03
    3.77000000000000E+02     2.38900000000000E+03
    3.78000000000000E+02     2.39500000000000E+03
    3.79000000000000E+02     2.34000000000000E+03
    3.80000000000000E+02     2.47500000000000E+03
    3.81000000000000E+02     2.30100000000000E+03
    3.82000000000000E+02     2.47700000000000E+03
    3.83000000000000E+02     2.38000000000000E+03
    3.84000000000000E+02     2.13500000000000E+03
    3.85000000000000E+02     2.25000000000000E+03
    3.86000000000000E+02     2.30300000000000E+03
    3.87000000000000E+02     2.35300000000000E+03
    3.88000000000000E+02     2.56300000000000E+03
    3.89000000000000E+02     2.53400000000000E+03
    3.90000000000000E+02     2.40500000000000E+03
    3.91000000000000E+02     2.31900000000000E+03
    3.92000000000000E+02     2.44300000000000E+03
    3.93000000000000E+02     2.23300000000000E+03
    3.94000000000000E+02     2.22100000000000E+03
    3.95000000000000E+02     2.33500000000000E+03
    3.96000000000000E+02     2.43700000000000E+03
    3.97000000000000E+02     2.41700000000000E+03
    3.98000000000000E+02     2.33600000000000E+03
    3.99000000000000E+02     2.65900000000000E+03
    4.00000000000000E+02     2.54700000000000E+03
    4.01000000000000E+02     2.64400000000000E+03
    4.02000000000000E+02     2.55100000000000E+03
    4.03000000000000E+02     2.64900000000000E+03
    4.04000000000000E+02     2.51500000000000E+03
    4.05000000000000E+02     2.36900000000000E+03
    4.06000000000000E+02     2.27300000000000E+03
    4.07000000000000E+02     2.40000000000000E+03
    4.08000000000000E+02     2.07000000000000E+03
    4.09000000000000E+02     2.17600000000000E+03
    4.10000000000000E+02     2.32400000000000E+03
    4.11000000000000E+02     2.25400000000000E+03
    4.12000000000000E+02     2.53200000000000E+03
    4.13000000000000E+02     2.54600000000000E+03
    4.14000000000000E+02     2.41600000000000E+03
    4.15000000000000E+02     2.27800000000000E+03
    4.16000000000000E+02     2.23000000000000E+03
    4.17000000000000E+02     2.34800000000000E+03
    4.18000000000000E+02     2.36600000000000E+03
    4.19000000000000E+02     2.14800000000000E+03
    4.20000000000000E+02     2.30900000000000E+03
    4.21000000000000E+02     2.33800000000000E+03
    4.22000000000000E+02     2.41900000000000E+03
    4.23000000000000E+02     2.24100000000000E+03
    4.24000000000000E+02     2.48500000000000E+03
    4.25000000000000E+02     2.32900000000000E+03
    4.26000000000000E+02     2.22800000000000E+03
    4.27000000000000E+02     2.54100000000000E+03
    4.28000000000000E+02     2.25900000000000E+03
    4.29000000000000E+02     2.43500000000000E+03
    4.30000000000000E+02     2.29300000000000E+03
    4.31000000000000E+02     2.40900000000000E+03
    4.32000000000000E+02     1.98900000000000E+03
    4.33000000000000E+02     2.08100000000000E+03
    4.34000000000000E+02     2.06900000000000E+03
    4.35000000000000E+02     2.17600000000000E+03
    4.36000000000000E+02     2.21900000000000E+03
    4.37000000000000E+02     2.51500000000000E+03
    4.38000000000000E+02     2.44300000000000E+03
    4.39000000000000E+02     2.36800000000000E+03
    4.40000000000000E+02     2.44600000000000E+03
    4.41000000000000E+02     2.42600000000000E+03
    4.42000000000000E+02     2.33800000000000E+03
    4.43000000000000E+02     2.26800000000000E+03
    4.44000000000000E+02     2.25100000000000E+03
    4.45000000000000E+02     2.28000000000000E+03
    4.46000000000000E+02     2.42500000000000E+03
    4.47000000000000E+02     2.05300000000000E+03
    4.48000000000000E+02     1.89100000000000E+03
    4.49000000000000E+02     1.97000000000000E+03
    4.50000000000000E+02     2.26600000000000E+03
    4.51000000000000E+02     2.35500000000000E+03
    4.52000000000000E+02     2.36700000000000E+03
    4.53000000000000E+02     2.54000000000000E+03
    4.54000000000000E+02     2.42800000000000E+03
    4.55000000000000E+02     2.28600000000000E+03
    4.56000000000000E+02     2.22900000000000E+03
    4.57000000000000E+02     2.30500000000000E+03
    4.58000000000000E+02     2.37800000000000E+03
    4.59000000000000E+02     2.39200000000000E+03
    4.60000000000000E+02     2.20300000000000E+03
    4.61000000000000E+02     2.42700000000000E+03
    4.62000000000000E+02     2.44200000000000E+03
    4.63000000000000E+02     2.21400000000000E+03
    4.64000000000000E+02     2.28500000000000E+03
    4.65000000000000E+02     2.45800000000000E+03
    4.66000000000000E+02     2.28100000000000E+03
    4.67000000000000E+02     2.17900000000000E+03
    4.68000000000000E+02     2.31700000000000E+03
    4.69000000000000E+02     2.40500000000000E+03
    4.70000000000000E+02     2.23800000000000E+03
    4.71000000000000E+02     2.32500000000000E+03
    4.72000000000000E+02     2.31100000000000E+03
    4.73000000000000E+02     2.40000000000000E+03
    4.74000000000000E+02     2.13800000000000E+03
    4.75000000000000E+02     2.25900000000000E+03
    4.76000000000000E+02     2.44800000000000E+03
    4.77000000000000E+02     2.07300000000000E+03
    4.78000000000000E+02     2.17200000000000E+03
    4.79000000000000E+02     2.18500000000000E+03
    4.80000000000000E+02     2.32300000000000E+03
    4.81000000000000E+02     2.36600000000000E+03
    4.82000000000000E+02     2.45300000000000E+03
    4.83000000000000E+02     2.56800000000000E+03
    4.84000000000000E+02     2.39600000000000E+03
    4.85000000000000E+02     2.37900000000000E+03
    4.86000000000000E+02     2.51100000000000E+03
    4.87000000000000E+02     2.32100000000000E+03
    4.88000000000000E+02     2.39400000000000E+03
    4.89000000000000E+02     2.44800000000000E+03
    4.90000000000000E+02     2.13800000000000E+03
    4.91000000000000E+02     2.04100000000000E+03
    4.92000000000000E+02     2.07500000000000E+03
    4.93000000000000E+02     2.13700000000000E+03
    4.94000000000000E+02     2.61900000000000E+03
    4.95000000000000E+02     2.29100000000000E+03
    4.96000000000000E+02     2.35000000000000E+03
    4.97000000000000E+02     2.37500000000000E+03
    4.98000000000000E+02     2.32300000000000E+03
    4.99000000000000E+02     2.68100000000000E+03
    5.00000000000000E+02     2.48100000000000E+03
    5.01000000000000E+02     2.54800000000000E+03
    5.02000000000000E+02     2.44800000000000E+03
    5.03000000000000E+02     2.38300000000000E+03
    5.04000000000000E+02     2.21800000000000E+03
    5.05000000000000E+02     2.20800000000000E+03
    5.06000000000000E+02     2.44800000000000E+03
    5.07000000000000E+02     2.22200000000000E+03
    5.08000000000000E+02     2.38300000000000E+03
    5.09000000000000E+02     2.37600000000000E+03
    5.10000000000000E+02     2.35500000000000E+03
    5.11000000000000E+02     2.61000000000000E+03
    5.12000000000000E+02     2.35000000000000E+03
    5.13000000000000E+02     2.41500000000000E+03
    5.14000000000000E+02     2.48000000000000E+03
    5.15000000000000E+02     2.38000000000000E+03
    5.16000000000000E+02     2.28400000000000E+03
    5.17000000000000E+02     2.20600000000000E+03
    5.18000000000000E+02     2.37100000000000E+03
    5.19000000000000E+02     2.44500000000000E+03
    5.20000000000000E+02     2.33300000000000E+03
    5.21000000000000E+02     2.57600000000000E+03
    5.22000000000000E+02     2.49800000000000E+03
    5.23000000000000E+02     2.56500000000000E+03
    5.24000000000000E+02     2.75900000000000E+03
    5.25000000000000E+02     2.73600000000000E+03
    5.26000000000000E+02     2.78200000000000E+03
    5.27000000000000E+02     2.75300000000000E+03
    5.28000000000000E+02     2.94600000000000E+03
    5.29000000000000E+02     2.75300000000000E+03
    5.30000000000000E+02     2.91500000000000E+03
    5.31000000000000E+02     2.87300000000000E+03
    5.32000000000000E+02     2.83000000000000E+03
    5.33000000000000E+02     2.80800000000000E+03
    5.34000000000000E+02     2.56700000000000E+03
    5.35000000000000E+02     2.32800000000000E+03
    5.36000000000000E+02     1.92500000000000E+03
    5.37000000000000E+02     1.92600000000000E+03
    5.38000000000000E+02     1.99800000000000E+03
    5.39000000000000E+02     2.22600000000000E+03
    5.40000000000000E+02     2.28700000000000E+03
    5.41000000000000E+02     2.41500000000000E+03
    5.42000000000000E+02     2.24300000000000E+03
    5.43000000000000E+02     2.19200000000000E+03
    5.44000000000000E+02     2.28000000000000E+03
    5.45000000000000E+02     2.27400000000000E+03
    5.46000000000000E+02     2.44900000000000E+03
    5.47000000000000E+02     2.35200000000000E+03
    5.48000000000000E+02     2.45800000000000E+03
    5.49000000000000E+02     2.24800000000000E+03
    5.50000000000000E+02     2.14700000000000E+03
    5.51000000000000E+02     2.18300000000000E+03
    5.52000000000000E+02     2.18000000000000E+03
    5.53000000000000E+02     2.20400000000000E+03
    5.54000000000000E+02     2.24600000000000E+03
    5.55000000000000E+02     2.42500000000000E+03
    5.56000000000000E+02     2.37000000000000E+03
    5.57000000000000E+02     2.40400000000000E+03
    5.58000000000000E+02     2.30300000000000E+03
    5.59000000000000E+02     2.57200000000000E+03
    5.60000000000000E+02     2.35400000000000E+03
    5.61000000000000E+02     2.37300000000000E+03
    5.62000000000000E+02     2.31100000000000E+03
    5.63000000000000E+02     2.39100000000000E+03
    5.64000000000000E+02     2.63900000000000E+03
    5.65000000000000E+02     2.54200000000000E+03
    5.66000000000000E+02     2.52100000000000E+03
    5.67000000000000E+02     2.39200000000000E+03
    5.68000000000000E+02     2.58600000000000E+03
    5.69000000000000E+02     2.51100000000000E+03
    5.70000000000000E+02     2.58100000000000E+03
    5.71000000000000E+02     2.41400000000000E+03
    5.72000000000000E+02     2.49200000000000E+03
    5.73000000000000E+02     2.41100000000000E+03
    5.74000000000000E+02     2.36400000000000E+03
    5.75000000000000E+02     2.40000000000000E+03
    5.76000000000000E+02     2.05000000000000E+03
    5.77000000000000E+02     1.90100000000000E+03
    5.78000000000000E+02     2.04600000000000E+03
    5.79000000000000E+02     2.09900000000000E+03
    5.80000000000000E+02     2.30300000000000E+03
    5.81000000000000E+02     2.34500000000000E+03
    5.82000000000000E+02     2.49000000000000E+03
    5.83000000000000E+02     2.40100000000000E+03
    5.84000000000000E+02     2.30000000000000E+03
    5.85000000000000E+02     2.31300000000000E+03
    5.86000000000000E+02     2.72600000000000E+03
    5.87000000000000E+02     2.57700000000000E+03
    5.88000000000000E+02     2.54300000000000E+03
    5.89000000000000E+02     2.70900000000000E+03
    5.90000000000000E+02     2.50800000000000E+03
    5.91000000000000E+02     2.53300000000000E+03
    5.92000000000000E+02     2.36500000000000E+03
    5.93000000000000E+02     2.44600000000000E+03
    5.94000000000000E+02     2.56000000000000E+03
    5.95000000000000E+02     2.25200000000000E+03
    5.96000000000000E+02     2.18300000000000E+03
    5.97000000000000E+02     2.29800000000000E+03
    5.98000000000000E+02     2.45400000000000E+03
    5.99000000000000E+02     2.36900000000000E+03
    6.00000000000000E+02     2.60500000000000E+03
    6.01000000000000E+02     2.36900000000000E+03
    6.02000000000000E+02     2.55400000000000E+03
    6.03000000000000E+02     2.45400000000000E+03
    6.04000000000000E+02     2.41000000000000E+03
    6.05000000000000E+02     2.25300000000000E+03
    6.06000000000000E+02     2.23200000000000E+03
    6.07000000000000E+02     2.39000000000000E+03
    6.08000000000000E+02     2.35400000000000E+03
    6.09000000000000E+02     2.52600000000000E+03
    6.10000000000000E+02     2.65500000000000E+03
    6.11000000000000E+02     2.58100000000000E+03
    6.12000000000000E+02     2.53900000000000E+03
    6.13000000000000E+02     2.37400000000000E+03
    6.14000000000000E+02     2.50500000000000E+03
    6.15000000000000E+02     2.53800000000000E+03
    6.16000000000000E+02     2.52400000000000E+03
    6.17000000000000E+02     2.27500000000000E+03
    6.18000000000000E+02     2.12500000000000E+03
    6.19000000000000E+02     2.20100000000000E+03
    6.20000000000000E+02     2.28600000000000E+03
    6.21000000000000E+02     2.39700000000000E+03
    6.22000000000000E+02     2.37100000000000E+03
    6.23000000000000E+02     2.46800000000000E+03
    6.24000000000000E+02     2.51100000000000E+03
    6.25000000000000E+02     2.63300000000000E+03
    6.26000000000000E+02     2.69100000000000E+03
    6.27000000000000E+02     2.77200000000000E+03
    6.28000000000000E+02     2.58200000000000E+03
    6.29000000000000E+02     2.54000000000000E+03
    6.30000000000000E+02     2.48600000000000E+03
    6.31000000000000E+02     2.57500000000000E+03
    6.32000000000000E+02     2.23900000000000E+03
    6.33000000000000E+02     2.27900000000000E+03
    6.34000000000000E+02     2.35900000000000E+03
    6.35000000000000E+02     2.43700000000000E+03
    6.36000000000000E+02     2.24500000000000E+03
    6.37000000000000E+02     2.22000000000000E+03
    6.38000000000000E+02     2.14300000000000E+03
    6.39000000000000E+02     2.23600000000000E+03
    6.40000000000000E+02     2.39900000000000E+03
    6.41000000000000E+02     2.49000000000000E+03
    6.42000000000000E+02     2.54800000000000E+03
    6.43000000000000E+02     2.26300000000000E+03
    6.44000000000000E+02     2.26700000000000E+03
    6.45000000000000E+02     2.37700000000000E+03
    6.46000000000000E+02     2.33600000000000E+03
    6.47000000000000E+02     2.34600000000000E+03
    6.48000000000000E+02     2.47700000000000E+03
    6.49000000000000E+02     2.60200000000000E+03
    6.50000000000000E+02     2.44100000000000E+03
    6.51000000000000E+02     2.33000000000000E+03
    6.52000000000000E+02     2.37200000000000E+03
    6.53000000000000E+02     2.49700000000000E+03
    6.54000000000000E+02     2.39800000000000E+03
    6.55000000000000E+02     2.48000000000000E+03
    6.56000000000000E+02     2.45200000000000E+03
    6.57000000000000E+02     2.43400000000000E+03
    6.58000000000000E+02     2.36200000000000E+03
    6.59000000000000E+02     2.23500000000000E+03
    6.60000000000000E+02     2.26700000000000E+03
    6.61000000000000E+02     2.30000000000000E+03
    6.62000000000000E+02     2.29500000000000E+03
    6.63000000000000E+02     2.41000000000000E+03
    6.64000000000000E+02     2.38800000000000E+03
    6.65000000000000E+02     2.38400000000000E+03
    6.66000000000000E+02     2.36200000000000E+03
    6.67000000000000E+02     2.34400000000000E+03
    6.68000000000000E+02     2.44700000000000E+03
    6.69000000000000E+02     2.47000000000000E+03
    6.70000000000000E+02     2.31400000000000E+03
    6.71000000000000E+02     2.40300000000000E+03
    6.72000000000000E+02     2.36900000000000E+03
    6.73000000000000E+02     2.58000000000000E+03
    6.74000000000000E+02     2.51800000000000E+03
    6.75000000000000E+02     2.29700000000000E+03
    6.76000000000000E+02     2.29800000000000E+03
    6.77000000000000E+02     2.59800000000000E+03
    6.78000000000000E+02     2.33800000000000E+03
    6.79000000000000E+02     2.54700000000000E+03
    6.80000000000000E+02     2.17500000000000E+03
    6.81000000000000E+02     2.46800000000000E+03
    6.82000000000000E+02     2.34700000000000E+03
    6.83000000000000E+02     2.40500000000000E+03
    6.84000000000000E+02     2.36900000000000E+03
    6.85000000000000E+02     2.27400000000000E+03
    6.86000000000000E+02     2.37700000000000E+03
    6.87000000000000E+02     2.46900000000000E+03
    6.88000000000000E+02     2.64600000000000E+03
    6.89000000000000E+02     2.37800000000000E+03
    6.90000000000000E+02     2.44600000000000E+03
    6.91000000000000E+02     2.52500000000000E+03
    6.92000000000000E+02     2.38700000000000E+03
    6.93000000000000E+02     2.51000000000000E+03
    6.94000000000000E+02     2.51200000000000E+03
    6.95000000000000E+02     2.53700000000000E+03
    6.96000000000000E+02     2.38900000000000E+03
    6.97000000000000E+02     2.35300000000000E+03
    6.98000000000000E+02     2.31100000000000E+03
    6.99000000000000E+02     2.40700000000000E+03
    7.00000000000000E+02     2.41000000000000E+03
    7.01000000000000E+02     2.19100000000000E+03
    7.02000000000000E+02     2.42800000000000E+03
    7.03000000000000E+02     2.42400000000000E+03
    7.04000000000000E+02     2.44400000000000E+03
    7.05000000000000E+02     2.23400000000000E+03
    7.06000000000000E+02     2.29500000000000E+03
    7.07000000000000E+02     2.33300000000000E+03
    7.08000000000000E+02     2.40600000000000E+03
    7.09000000000000E+02     2.28400000000000E+03
    7.10000000000000E+02     2.32300000000000E+03
    7.11000000000000E+02     2.39100000000000E+03
    7.12000000000000E+02     2.43000000000000E+03
    7.13000000000000E+02     2.48700000000000E+03
    7.14000000000000E+02     2.56100000000000E+03
    7.15000000000000E+02     2.65900000000000E+03
    7.16000000000000E+02     2.80300000000000E+03
    7.17000000000000E+02     2.83900000000000E+03
    7.18000000000000E+02     2.73500000000000E+03
    7.19000000000000E+02     2.62500000000000E+03
    7.20000000000000E+02     2.78800000000000E+03
    7.21000000000000E+02     2.74100000000000E+03
    7.22000000000000E+02     2.64400000000000E+03
    7.23000000000000E+02     2.82700000000000E+03
    7.24000000000000E+02     2.73100000000000E+03
    7.25000000000000E+02     2.56500000000000E+03
    7.26000000000000E+02     2.42000000000000E+03
    7.27000000000000E+02     2.27000000000000E+03
    7.28000000000000E+02     1.82600000000000E+03
    7.29000000000000E+02     1.97000000000000E+03
    7.30000000000000E+02     1.94200000000000E+03
    7.31000000000000E+02     2.03900000000000E+03
    7.32000000000000E+02     2.14200000000000E+03
    7.33000000000000E+02     2.29100000000000E+03
    7.34000000000000E+02     2.39900000000000E+03
    7.35000000000000E+02     2.45100000000000E+03
    7.36000000000000E+02     2.44900000000000E+03
    7.37000000000000E+02     2.29100000000000E+03
    7.38000000000000E+02     2.34700000000000E+03
    7.39000000000000E+02     2.36600000000000E+03
    7.40000000000000E+02     2.39800000000000E+03
    7.41000000000000E+02     2.38400000000000E+03
    7.42000000000000E+02     2.41100000000000E+03
    7.43000000000000E+02     2.44500000000000E+03
    7.44000000000000E+02     2.22100000000000E+03
    7.45000000000000E+02     2.24700000000000E+03
    7.46000000000000E+02     2.34000000000000E+03
    7.47000000000000E+02     2.45000000000000E+03
    7.48000000000000E+02     2.43300000000000E+03
    7.49000000000000E+02     2.48100000000000E+03
    7.50000000000000E+02     2.34600000000000E+03
    7.51000000000000E+02     2.55700000000000E+03
    7.52000000000000E+02     2.20600000000000E+03
    7.53000000000000E+02     2.28100000000000E+03
    7.54000000000000E+02     2.28300000000000E+03
    7.55000000000000E+02     2.22800000000000E+03
    7.56000000000000E+02     2.26700000000000E+03
    7.57000000000000E+02     2.18500000000000E+03
    7.58000000000000E+02     2.29100000000000E+03
    7.59000000000000E+02     2.46700000000000E+03
    7.60000000000000E+02     2.38100000000000E+03
    7.61000000000000E+02     2.46000000000000E+03
    7.62000000000000E+02     2.47700000000000E+03
    7.63000000000000E+02     2.42500000000000E+03
    7.64000000000000E+02     2.36900000000000E+03
    7.65000000000000E+02     2.39900000000000E+03
    7.66000000000000E+02     2.31900000000000E+03
    7.67000000000000E+02     2.22200000000000E+03
    7.68000000000000E+02     2.25000000000000E+03
    7.69000000000000E+02     2.46800000000000E+03
    7.70000000000000E+02     2.33800000000000E+03
    7.71000000000000E+02     2.38600000000000E+03
    7.72000000000000E+02     2.40000000000000E+03
    7.73000000000000E+02     2.38300000000000E+03
    7.74000000000000E+02     2.24800000000000E+03
    7.75000000000000E+02     2.27600000000000E+03
    7.76000000000000E+02     2.45300000000000E+03
    7.77000000000000E+02     2.27300000000000E+03
    7.78000000000000E+02     2.41100000000000E+03
    7.79000000000000E+02     2.11200000000000E+03
    7.80000000000000E+02     2.21200000000000E+03
    7.81000000000000E+02     2.09900000000000E+03
    7.82000000000000E+02     2.16300000000000E+03
    7.83000000000000E+02     2.30800000000000E+03
    7.84000000000000E+02     2.50700000000000E+03
    7.85000000000000E+02     2.19700000000000E+03
    7.86000000000000E+02     2.20000000000000E+03
    7.87000000000000E+02     2.20700000000000E+03
    7.88000000000000E+02     2.22300000000000E+03
    7.89000000000000E+02     2.33000000000000E+03
    7.90000000000000E+02     2.58700000000000E+03
    7.91000000000000E+02     2.51000000000000E+03
    7.92000000000000E+02     2.39900000000000E+03
    7.93000000000000E+02     2.44100000000000E+03
    7.94000000000000E+02     2.26900000000000E+03
    7.95000000000000E+02     2.22900000000000E+03
    7.96000000000000E+02     2.18100000000000E+03
    7.97000000000000E+02     2.40400000000000E+03
    7.98000000000000E+02     2.36900000000000E+03
    7.99000000000000E+02     2.47200000000000E+03
    8.00000000000000E+02     2.32000000000000E+03
    8.01000000000000E+02     2.14600000000000E+03
    8.02000000000000E+02     2.30300000000000E+03
    8.03000000000000E+02     2.39600000000000E+03
    8.04000000000000E+02     2.24900000000000E+03
    8.05000000000000E+02     2.35200000000000E+03
    8.06000000000000E+02     2.54000000000000E+03
    8.07000000000000E+02     2.54900000000000E+03
    8.08000000000000E+02     2.79800000000000E+03
    8.09000000000000E+02     2.81600000000000E+03
    8.10000000000000E+02     2.67800000000000E+03
    8.11000000000000E+02     2.68300000000000E+03
    8.12000000000000E+02     2.59400000000000E+03
    8.13000000000000E+02     2.63800000000000E+03
    8.14000000000000E+02     2.71300000000000E+03
    8.15000000000000E+02     2.84200000000000E+03
    8.16000000000000E+02     2.88200000000000E+03
    8.17000000000000E+02     2.87200000000000E+03
    8.18000000000000E+02     2.95500000000000E+03
    8.19000000000000E+02     2.69700000000000E+03
    8.20000000000000E+02     2.80700000000000E+03
    8.21000000000000E+02     2.71000000000000E+03
    8.22000000000000E+02     3.03900000000000E+03
    8.23000000000000E+02     2.87900000000000E+03
    8.24000000000000E+02     2.93600000000000E+03
    8.25000000000000E+02     3.00000000000000E+03
    8.26000000000000E+02     3.09500000000000E+03
    8.27000000000000E+02     3.06400000000000E+03
    8.28000000000000E+02     3.07700000000000E+03
    8.29000000000000E+02     2.98400000000000E+03
    8.30000000000000E+02     2.93500000000000E+03
    8.31000000000000E+02     2.89000000000000E+03
    8.32000000000000E+02     2.86900000000000E+03
    8.33000000000000E+02     2.86300000000000E+03
    8.34000000000000E+02     2.94600000000000E+03
    8.35000000000000E+02     2.85400000000000E+03
    8.36000000000000E+02     2.71800000000000E+03
    8.37000000000000E+02     2.52200000000000E+03
    8.38000000000000E+02     2.43800000000000E+03
    8.39000000000000E+02     2.60600000000000E+03
    8.40000000000000E+02     2.63400000000000E+03
    8.41000000000000E+02     2.58400000000000E+03
    8.42000000000000E+02     2.57500000000000E+03
    8.43000000000000E+02     2.53100000000000E+03
    8.44000000000000E+02     2.62800000000000E+03
    8.45000000000000E+02     2.25600000000000E+03
    8.46000000000000E+02     1.46800000000000E+03
    8.47000000000000E+02     1.70200000000000E+03
    8.48000000000000E+02     1.81800000000000E+03
    8.49000000000000E+02     1.90300000000000E+03
    8.50000000000000E+02     2.04900000000000E+03
    8.51000000000000E+02     2.10800000000000E+03
    8.52000000000000E+02     2.12300000000000E+03
    8.53000000000000E+02     2.19400000000000E+03
    8.54000000000000E+02     2.37300000000000E+03
    8.55000000000000E+02     2.42500000000000E+03
    8.56000000000000E+02     2.23200000000000E+03
    8.57000000000000E+02     2.07100000000000E+03
    8.58000000000000E+02     2.06000000000000E+03
    8.59000000000000E+02     2.22900000000000E+03
    8.60000000000000E+02     2.35300000000000E+03
    8.61000000000000E+02     2.35200000000000E+03
    8.62000000000000E+02     2.43900000000000E+03
    8.63000000000000E+02     2.55800000000000E+03
    8.64000000000000E+02     2.45400000000000E+03
    8.65000000000000E+02     2.35600000000000E+03
    8.66000000000000E+02     2.55000000000000E+03
    8.67000000000000E+02     2.49300000000000E+03
    8.68000000000000E+02     2.42900000000000E+03
    8.69000000000000E+02     2.38400000000000E+03
    8.70000000000000E+02     2.48300000000000E+03
    8.71000000000000E+02     2.05400000000000E+03
    8.72000000000000E+02     2.15300000000000E+03
    8.73000000000000E+02     2.22400000000000E+03
    8.74000000000000E+02     2.32500000000000E+03
    8.75000000000000E+02     2.49300000000000E+03
    8.76000000000000E+02     2.59100000000000E+03
    8.77000000000000E+02     2.58400000000000E+03
    8.78000000000000E+02     2.57200000000000E+03
    8.79000000000000E+02     2.28800000000000E+03
    8.80000000000000E+02     2.30800000000000E+03
    8.81000000000000E+02     2.34100000000000E+03
    8.82000000000000E+02     2.30100000000000E+03
    8.83000000000000E+02     2.23100000000000E+03
    8.84000000000000E+02     2.45200000000000E+03
    8.85000000000000E+02     2.15200000000000E+03
    8.86000000000000E+02     2.25000000000000E+03
    8.87000000000000E+02     2.35500000000000E+03
    8.88000000000000E+02     2.35900000000000E+03
    8.89000000000000E+02     2.26400000000000E+03
    8.90000000000000E+02     2.36300000000000E+03
    8.91000000000000E+02     2.31400000000000E+03
    8.92000000000000E+02     2.51800000000000E+03
    8.93000000000000E+02     2.23500000000000E+03
    8.94000000000000E+02     2.44600000000000E+03
    8.95000000000000E+02     2.14300000000000E+03
    8.96000000000000E+02     2.03500000000000E+03
    8.97000000000000E+02     2.13400000000000E+03
    8.98000000000000E+02     2.50100000000000E+03
    8.99000000000000E+02     2.33600000000000E+03
    9.00000000000000E+02     2.54600000000000E+03
    9.01000000000000E+02     2.30400000000000E+03
    9.02000000000000E+02     2.45300000000000E+03
    9.03000000000000E+02     2.52200000000000E+03
    9.04000000000000E+02     2.45900000000000E+03
    9.05000000000000E+02     2.34000000000000E+03
    9.06000000000000E+02     2.42100000000000E+03
    9.07000000000000E+02     2.54100000000000E+03
    9.08000000000000E+02     2.54400000000000E+03
    9.09000000000000E+02     2.56100000000000E+03
    9.10000000000000E+02     2.55800000000000E+03
    9.11000000000000E+02     2.55100000000000E+03
    9.12000000000000E+02     2.59700000000000E+03
    9.13000000000000E+02     2.93000000000000E+03
    9.14000000000000E+02     2.99800000000000E+03
    9.15000000000000E+02     2.90300000000000E+03
    9.16000000000000E+02     2.86100000000000E+03
    9.17000000000000E+02     2.91800000000000E+03
    9.18000000000000E+02     3.08200000000000E+03
    9.19000000000000E+02     3.09600000000000E+03
    9.20000000000000E+02     3.24800000000000E+03
    9.21000000000000E+02     3.30300000000000E+03
    9.22000000000000E+02     3.22600000000000E+03
    9.23000000000000E+02     3.33300000000000E+03
    9.24000000000000E+02     3.43000000000000E+03
    9.25000000000000E+02     3.75700000000000E+03
    9.26000000000000E+02     3.76300000000000E+03
    9.27000000000000E+02     4.00900000000000E+03
    9.28000000000000E+02     4.07900000000000E+03
    9.29000000000000E+02     4.04900000000000E+03
    9.30000000000000E+02     4.13600000000000E+03
    9.31000000000000E+02     4.75400000000000E+03
    9.32000000000000E+02     4.87300000000000E+03
    9.33000000000000E+02     5.10000000000000E+03
    9.34000000000000E+02     5.35200000000000E+03
    9.35000000000000E+02     5.32500000000000E+03
    9.36000000000000E+02     5.52300000000000E+03
    9.37000000000000E+02     5.93700000000000E+03
    9.38000000000000E+02     6.30500000000000E+03
    9.39000000000000E+02     6.42700000000000E+03
    9.40000000000000E+02     7.01800000000000E+03
    9.41000000000000E+02     7.46600000000000E+03
    9.42000000000000E+02     7.43000000000000E+03
    9.43000000000000E+02     7.93100000000000E+03
    9.44000000000000E+02     8.33200000000000E+03
    9.45000000000000E+02     8.81000000000000E+03
    9.46000000000000E+02     9.43500000000000E+03
    9.47000000000000E+02     9.82500000000000E+03
    9.48000000000000E+02     1.03870000000000E+04
    9.49000000000000E+02     1.12440000000000E+04
    9.50000000000000E+02     1.23770000000000E+04
