    1.00000000000000E+00     2.12500000000000E+03
    2.00000000000000E+00     2.29200000000000E+03
    3.00000000000000E+00     2.52800000000000E+03
    4.00000000000000E+00     2.26000000000000E+03
    5.00000000000000E+00     2.42000000000000E+03
    6.00000000000000E+00     2.01200000000000E+03
    7.00000000000000E+00     1.96100000000000E+03
    8.00000000000000E+00     1.98400000000000E+03
    9.00000000000000E+00     2.00700000000000E+03
    1.00000000000000E+01     2.08600000000000E+03
    1.10000000000000E+01     2.24200000000000E+03
    1.20000000000000E+01     2.38600000000000E+03
    1.30000000000000E+01     2.49100000000000E+03
    1.40000000000000E+01     2.48500000000000E+03
    1.50000000000000E+01     2.01300000000000E+03
    1.60000000000000E+01     1.96300000000000E+03
    1.70000000000000E+01     2.05600000000000E+03
    1.80000000000000E+01     2.17700000000000E+03
    1.90000000000000E+01     2.46600000000000E+03
    2.00000000000000E+01     2.29100000000000E+03
    2.10000000000000E+01     2.32000000000000E+03
    2.20000000000000E+01     2.44300000000000E+03
    2.30000000000000E+01     2.37000000000000E+03
    2.40000000000000E+01     2.33100000000000E+03
    2.50000000000000E+01     2.43600000000000E+03
    2.60000000000000E+01     2.43700000000000E+03
    2.70000000000000E+01     2.33800000000000E+03
    2.80000000000000E+01     2.22500000000000E+03
    2.90000000000000E+01     2.31500000000000E+03
    3.00000000000000E+01     2.30400000000000E+03
    3.10000000000000E+01     2.58300000000000E+03
    3.20000000000000E+01     2.56500000000000E+03
    3.30000000000000E+01     2.50500000000000E+03
    3.40000000000000E+01     2.46900000000000E+03
    3.50000000000000E+01     2.44400000000000E+03
    3.60000000000000E+01     2.39700000000000E+03
    3.70000000000000E+01     2.41500000000000E+03
    3.80000000000000E+01     2.45700000000000E+03
    3.90000000000000E+01     2.38700000000000E+03
    4.00000000000000E+01     2.51500000000000E+03
    4.10000000000000E+01     2.45300000000000E+03
    4.20000000000000E+01     2.61000000000000E+03
    4.30000000000000E+01     2.78500000000000E+03
    4.40000000000000E+01     2.66600000000000E+03
    4.50000000000000E+01     2.49900000000000E+03
    4.60000000000000E+01     2.34500000000000E+03
    4.70000000000000E+01     2.04900000000000E+03
    4.80000000000000E+01     2.11700000000000E+03
    4.90000000000000E+01     2.26000000000000E+03
    5.00000000000000E+01     2.47200000000000E+03
    5.10000000000000E+01     2.67100000000000E+03
    5.20000000000000E+01     2.54300000000000E+03
    5.30000000000000E+01     2.73000000000000E+03
    5.40000000000000E+01     2.92000000000000E+03
    5.50000000000000E+01     3.04300000000000E+03
    5.60000000000000E+01     3.04600000000000E+03
    5.70000000000000E+01     3.20300000000000E+03
    5.80000000000000E+01     3.16200000000000E+03
    5.90000000000000E+01     2.96000000000000E+03
    6.00000000000000E+01     2.93300000000000E+03
    6.10000000000000E+01     3.11300000000000E+03
    6.20000000000000E+01     2.97500000000000E+03
    6.30000000000000E+01     3.13200000000000E+03
    6.40000000000000E+01     3.26500000000000E+03
    6.50000000000000E+01     3.25500000000000E+03
    6.60000000000000E+01     3.30900000000000E+03
    6.70000000000000E+01     3.54200000000000E+03
    6.80000000000000E+01     3.50100000000000E+03
    6.90000000000000E+01     3.66500000000000E+03
    7.00000000000000E+01     3.82500000000000E+03
    7.10000000000000E+01     3.96300000000000E+03
    7.20000000000000E+01     3.95700000000000E+03
    7.30000000000000E+01     4.09200000000000E+03
    7.40000000000000E+01     4.14800000000000E+03
    7.50000000000000E+01     4.13800000000000E+03
    7.60000000000000E+01     4.34400000000000E+03
    7.70000000000000E+01     4.66800000000000E+03
    7.80000000000000E+01     4.68800000000000E+03
    7.90000000000000E+01     4.85700000000000E+03
    8.00000000000000E+01     4.59500000000000E+03
    8.10000000000000E+01     4.81000000000000E+03
    8.20000000000000E+01     4.92100000000000E+03
    8.30000000000000E+01     5.16100000000000E+03
    8.40000000000000E+01     5.45600000000000E+03
    8.50000000000000E+01     5.64400000000000E+03
    8.60000000000000E+01     5.68300000000000E+03
    8.70000000000000E+01     5.92100000000000E+03
    8.80000000000000E+01     5.75600000000000E+03
    8.90000000000000E+01     6.16200000000000E+03
    9.00000000000000E+01     6.31100000000000E+03
    9.10000000000000E+01     6.78300000000000E+03
    9.20000000000000E+01     7.09900000000000E+03
    9.30000000000000E+01     7.12000000000000E+03
    9.40000000000000E+01     7.64800000000000E+03
    9.50000000000000E+01     8.09300000000000E+03
    9.60000000000000E+01     8.94300000000000E+03
    9.70000000000000E+01     9.37600000000000E+03
    9.80000000000000E+01     9.99800000000000E+03
    9.90000000000000E+01     1.05700000000000E+04
    1.00000000000000E+02     1.12490000000000E+04
    1.01000000000000E+02     1.18940000000000E+04
    1.02000000000000E+02     1.25520000000000E+04
