    1.00000000000000E+00     2.29700000000000E+03
    2.00000000000000E+00     2.57700000000000E+03
    3.00000000000000E+00     2.53500000000000E+03
    4.00000000000000E+00     2.43200000000000E+03
    5.00000000000000E+00     2.15700000000000E+03
    6.00000000000000E+00     2.07200000000000E+03
    7.00000000000000E+00     2.19100000000000E+03
    8.00000000000000E+00     2.16600000000000E+03
    9.00000000000000E+00     2.36800000000000E+03
    1.00000000000000E+01     2.49200000000000E+03
    1.10000000000000E+01     2.29100000000000E+03
    1.20000000000000E+01     2.24500000000000E+03
    1.30000000000000E+01     2.25200000000000E+03
    1.40000000000000E+01     2.36700000000000E+03
    1.50000000000000E+01     2.55200000000000E+03
    1.60000000000000E+01     2.71800000000000E+03
    1.70000000000000E+01     2.75200000000000E+03
    1.80000000000000E+01     2.77100000000000E+03
    1.90000000000000E+01     2.80300000000000E+03
    2.00000000000000E+01     3.11700000000000E+03
    2.10000000000000E+01     3.24300000000000E+03
    2.20000000000000E+01     3.39600000000000E+03
    2.30000000000000E+01     3.26900000000000E+03
    2.40000000000000E+01     3.32200000000000E+03
    2.50000000000000E+01     3.27500000000000E+03
    2.60000000000000E+01     3.44300000000000E+03
    2.70000000000000E+01     3.45900000000000E+03
    2.80000000000000E+01     3.51600000000000E+03
    2.90000000000000E+01     3.44400000000000E+03
    3.00000000000000E+01     3.71200000000000E+03
    3.10000000000000E+01     3.60100000000000E+03
    3.20000000000000E+01     3.76300000000000E+03
    3.30000000000000E+01     3.73100000000000E+03
    3.40000000000000E+01     3.84500000000000E+03
    3.50000000000000E+01     3.97600000000000E+03
    3.60000000000000E+01     3.92800000000000E+03
    3.70000000000000E+01     4.20700000000000E+03
    3.80000000000000E+01     4.57700000000000E+03
    3.90000000000000E+01     4.55900000000000E+03
    4.00000000000000E+01     4.27600000000000E+03
    4.10000000000000E+01     4.23400000000000E+03
    4.20000000000000E+01     4.36900000000000E+03
    4.30000000000000E+01     4.63700000000000E+03
    4.40000000000000E+01     4.50800000000000E+03
    4.50000000000000E+01     4.50500000000000E+03
    4.60000000000000E+01     4.65400000000000E+03
    4.70000000000000E+01     4.78200000000000E+03
    4.80000000000000E+01     4.64100000000000E+03
    4.90000000000000E+01     4.64400000000000E+03
    5.00000000000000E+01     4.66900000000000E+03
    5.10000000000000E+01     4.90300000000000E+03
    5.20000000000000E+01     4.99700000000000E+03
    5.30000000000000E+01     4.93400000000000E+03
    5.40000000000000E+01     5.30100000000000E+03
    5.50000000000000E+01     5.42700000000000E+03
    5.60000000000000E+01     5.41800000000000E+03
    5.70000000000000E+01     5.46900000000000E+03
    5.80000000000000E+01     5.65700000000000E+03
    5.90000000000000E+01     6.00200000000000E+03
    6.00000000000000E+01     6.17600000000000E+03
    6.10000000000000E+01     6.68500000000000E+03
    6.20000000000000E+01     7.06300000000000E+03
    6.30000000000000E+01     7.40600000000000E+03
    6.40000000000000E+01     8.36500000000000E+03
    6.50000000000000E+01     9.13300000000000E+03
    6.60000000000000E+01     9.54100000000000E+03
    6.70000000000000E+01     1.02590000000000E+04
    6.80000000000000E+01     1.07150000000000E+04
    6.90000000000000E+01     1.12780000000000E+04
    7.00000000000000E+01     1.14760000000000E+04
    7.10000000000000E+01     1.25520000000000E+04
