    1.00000000000000E+00     2.11100000000000E+03
    2.00000000000000E+00     2.23300000000000E+03
    3.00000000000000E+00     2.39200000000000E+03
    4.00000000000000E+00     2.31300000000000E+03
    5.00000000000000E+00     2.31500000000000E+03
    6.00000000000000E+00     2.41000000000000E+03
    7.00000000000000E+00     2.42600000000000E+03
    8.00000000000000E+00     2.44000000000000E+03
    9.00000000000000E+00     2.35600000000000E+03
    1.00000000000000E+01     2.29800000000000E+03
    1.10000000000000E+01     2.57300000000000E+03
    1.20000000000000E+01     2.57400000000000E+03
    1.30000000000000E+01     2.70400000000000E+03
    1.40000000000000E+01     2.57500000000000E+03
    1.50000000000000E+01     2.63900000000000E+03
    1.60000000000000E+01     2.61400000000000E+03
    1.70000000000000E+01     2.60300000000000E+03
    1.80000000000000E+01     2.60300000000000E+03
    1.90000000000000E+01     2.69100000000000E+03
    2.00000000000000E+01     2.58300000000000E+03
    2.10000000000000E+01     2.75900000000000E+03
    2.20000000000000E+01     2.78500000000000E+03
    2.30000000000000E+01     2.85200000000000E+03
    2.40000000000000E+01     3.04300000000000E+03
    2.50000000000000E+01     3.08600000000000E+03
    2.60000000000000E+01     2.97000000000000E+03
    2.70000000000000E+01     3.21000000000000E+03
    2.80000000000000E+01     3.36700000000000E+03
    2.90000000000000E+01     3.47700000000000E+03
    3.00000000000000E+01     3.39000000000000E+03
    3.10000000000000E+01     3.23700000000000E+03
    3.20000000000000E+01     2.94400000000000E+03
    3.30000000000000E+01     2.93900000000000E+03
    3.40000000000000E+01     3.07500000000000E+03
    3.50000000000000E+01     3.24300000000000E+03
    3.60000000000000E+01     3.25400000000000E+03
    3.70000000000000E+01     3.32000000000000E+03
    3.80000000000000E+01     3.24600000000000E+03
    3.90000000000000E+01     3.25200000000000E+03
    4.00000000000000E+01     3.50000000000000E+03
    4.10000000000000E+01     3.30800000000000E+03
    4.20000000000000E+01     3.41200000000000E+03
    4.30000000000000E+01     3.54100000000000E+03
    4.40000000000000E+01     3.59400000000000E+03
    4.50000000000000E+01     3.40500000000000E+03
    4.60000000000000E+01     3.65800000000000E+03
    4.70000000000000E+01     3.71500000000000E+03
    4.80000000000000E+01     3.96000000000000E+03
    4.90000000000000E+01     4.00800000000000E+03
    5.00000000000000E+01     4.21300000000000E+03
    5.10000000000000E+01     4.24800000000000E+03
    5.20000000000000E+01     4.37900000000000E+03
    5.30000000000000E+01     4.40900000000000E+03
    5.40000000000000E+01     4.50200000000000E+03
    5.50000000000000E+01     4.61800000000000E+03
    5.60000000000000E+01     4.55500000000000E+03
    5.70000000000000E+01     4.97500000000000E+03
    5.80000000000000E+01     5.19200000000000E+03
    5.90000000000000E+01     5.25100000000000E+03
    6.00000000000000E+01     5.50700000000000E+03
    6.10000000000000E+01     5.47600000000000E+03
    6.20000000000000E+01     5.56000000000000E+03
    6.30000000000000E+01     5.87000000000000E+03
    6.40000000000000E+01     5.99900000000000E+03
    6.50000000000000E+01     6.54900000000000E+03
    6.60000000000000E+01     6.54000000000000E+03
    6.70000000000000E+01     6.84200000000000E+03
    6.80000000000000E+01     7.56000000000000E+03
    6.90000000000000E+01     7.89700000000000E+03
    7.00000000000000E+01     8.13000000000000E+03
    7.10000000000000E+01     8.58600000000000E+03
    7.20000000000000E+01     9.40300000000000E+03
    7.30000000000000E+01     9.93200000000000E+03
    7.40000000000000E+01     1.06270000000000E+04
    7.50000000000000E+01     1.11530000000000E+04
    7.60000000000000E+01     1.18790000000000E+04
    7.70000000000000E+01     1.31360000000000E+04
