    1.00000000000000E+00     2.09900000000000E+03
    2.00000000000000E+00     2.23400000000000E+03
    3.00000000000000E+00     2.37700000000000E+03
    4.00000000000000E+00     2.27100000000000E+03
    5.00000000000000E+00     2.28800000000000E+03
    6.00000000000000E+00     2.50600000000000E+03
    7.00000000000000E+00     2.43000000000000E+03
    8.00000000000000E+00     2.27000000000000E+03
    9.00000000000000E+00     2.36400000000000E+03
    1.00000000000000E+01     2.35400000000000E+03
    1.10000000000000E+01     2.25600000000000E+03
    1.20000000000000E+01     2.55700000000000E+03
    1.30000000000000E+01     2.43300000000000E+03
    1.40000000000000E+01     2.51800000000000E+03
    1.50000000000000E+01     2.39600000000000E+03
    1.60000000000000E+01     2.34900000000000E+03
    1.70000000000000E+01     2.54300000000000E+03
    1.80000000000000E+01     2.30500000000000E+03
    1.90000000000000E+01     2.63700000000000E+03
    2.00000000000000E+01     2.56400000000000E+03
    2.10000000000000E+01     2.69000000000000E+03
    2.20000000000000E+01     2.52300000000000E+03
    2.30000000000000E+01     2.46400000000000E+03
    2.40000000000000E+01     2.41500000000000E+03
    2.50000000000000E+01     2.23100000000000E+03
    2.60000000000000E+01     2.43900000000000E+03
    2.70000000000000E+01     2.00300000000000E+03
    2.80000000000000E+01     2.08800000000000E+03
    2.90000000000000E+01     2.33100000000000E+03
    3.00000000000000E+01     2.28500000000000E+03
    3.10000000000000E+01     2.38600000000000E+03
    3.20000000000000E+01     2.31200000000000E+03
    3.30000000000000E+01     2.30100000000000E+03
    3.40000000000000E+01     2.34500000000000E+03
    3.50000000000000E+01     2.59200000000000E+03
    3.60000000000000E+01     2.51700000000000E+03
    3.70000000000000E+01     2.38400000000000E+03
    3.80000000000000E+01     2.56000000000000E+03
    3.90000000000000E+01     2.36600000000000E+03
    4.00000000000000E+01     2.56300000000000E+03
    4.10000000000000E+01     2.51400000000000E+03
    4.20000000000000E+01     2.26800000000000E+03
    4.30000000000000E+01     2.17300000000000E+03
    4.40000000000000E+01     2.40000000000000E+03
    4.50000000000000E+01     2.18900000000000E+03
    4.60000000000000E+01     2.47400000000000E+03
    4.70000000000000E+01     2.31200000000000E+03
    4.80000000000000E+01     2.33000000000000E+03
    4.90000000000000E+01     2.50000000000000E+03
    5.00000000000000E+01     2.40700000000000E+03
    5.10000000000000E+01     2.13900000000000E+03
    5.20000000000000E+01     2.11300000000000E+03
    5.30000000000000E+01     2.25800000000000E+03
    5.40000000000000E+01     2.24500000000000E+03
    5.50000000000000E+01     2.33000000000000E+03
    5.60000000000000E+01     2.56500000000000E+03
    5.70000000000000E+01     2.32200000000000E+03
    5.80000000000000E+01     2.33000000000000E+03
    5.90000000000000E+01     2.43100000000000E+03
    6.00000000000000E+01     2.42400000000000E+03
    6.10000000000000E+01     2.22400000000000E+03
    6.20000000000000E+01     2.29700000000000E+03
    6.30000000000000E+01     2.42300000000000E+03
    6.40000000000000E+01     2.14300000000000E+03
    6.50000000000000E+01     2.35400000000000E+03
    6.60000000000000E+01     2.29200000000000E+03
    6.70000000000000E+01     2.38100000000000E+03
    6.80000000000000E+01     2.20400000000000E+03
    6.90000000000000E+01     2.33100000000000E+03
    7.00000000000000E+01     2.43700000000000E+03
    7.10000000000000E+01     2.59200000000000E+03
    7.20000000000000E+01     2.61900000000000E+03
    7.30000000000000E+01     2.50700000000000E+03
    7.40000000000000E+01     2.66600000000000E+03
    7.50000000000000E+01     2.66000000000000E+03
    7.60000000000000E+01     2.62800000000000E+03
    7.70000000000000E+01     2.56400000000000E+03
    7.80000000000000E+01     2.60000000000000E+03
    7.90000000000000E+01     2.53800000000000E+03
    8.00000000000000E+01     2.70700000000000E+03
    8.10000000000000E+01     2.58900000000000E+03
    8.20000000000000E+01     2.33200000000000E+03
    8.30000000000000E+01     2.26800000000000E+03
    8.40000000000000E+01     2.20100000000000E+03
    8.50000000000000E+01     2.38100000000000E+03
    8.60000000000000E+01     2.46700000000000E+03
    8.70000000000000E+01     2.36400000000000E+03
    8.80000000000000E+01     2.56700000000000E+03
    8.90000000000000E+01     2.37000000000000E+03
    9.00000000000000E+01     2.58900000000000E+03
    9.10000000000000E+01     2.47300000000000E+03
    9.20000000000000E+01     2.69100000000000E+03
    9.30000000000000E+01     2.75000000000000E+03
    9.40000000000000E+01     2.84000000000000E+03
    9.50000000000000E+01     2.78700000000000E+03
    9.60000000000000E+01     2.83900000000000E+03
    9.70000000000000E+01     2.67800000000000E+03
    9.80000000000000E+01     2.74200000000000E+03
    9.90000000000000E+01     2.55200000000000E+03
    1.00000000000000E+02     2.55300000000000E+03
    1.01000000000000E+02     2.65100000000000E+03
    1.02000000000000E+02     2.42300000000000E+03
    1.03000000000000E+02     2.43300000000000E+03
    1.04000000000000E+02     2.29700000000000E+03
    1.05000000000000E+02     1.97600000000000E+03
    1.06000000000000E+02     2.02400000000000E+03
    1.07000000000000E+02     2.11600000000000E+03
    1.08000000000000E+02     2.14800000000000E+03
    1.09000000000000E+02     2.35400000000000E+03
    1.10000000000000E+02     2.45400000000000E+03
    1.11000000000000E+02     2.50100000000000E+03
    1.12000000000000E+02     2.59300000000000E+03
    1.13000000000000E+02     2.49700000000000E+03
    1.14000000000000E+02     2.73100000000000E+03
    1.15000000000000E+02     2.69100000000000E+03
    1.16000000000000E+02     2.49000000000000E+03
    1.17000000000000E+02     2.45100000000000E+03
    1.18000000000000E+02     2.46100000000000E+03
    1.19000000000000E+02     2.32200000000000E+03
    1.20000000000000E+02     2.10400000000000E+03
    1.21000000000000E+02     2.08700000000000E+03
    1.22000000000000E+02     2.17700000000000E+03
    1.23000000000000E+02     2.37200000000000E+03
    1.24000000000000E+02     2.56700000000000E+03
    1.25000000000000E+02     2.67900000000000E+03
    1.26000000000000E+02     2.54400000000000E+03
    1.27000000000000E+02     2.55600000000000E+03
    1.28000000000000E+02     2.46900000000000E+03
    1.29000000000000E+02     2.34000000000000E+03
    1.30000000000000E+02     2.27100000000000E+03
    1.31000000000000E+02     2.31000000000000E+03
    1.32000000000000E+02     2.34100000000000E+03
    1.33000000000000E+02     2.47600000000000E+03
    1.34000000000000E+02     2.31700000000000E+03
    1.35000000000000E+02     2.37200000000000E+03
    1.36000000000000E+02     2.60300000000000E+03
    1.37000000000000E+02     2.60800000000000E+03
    1.38000000000000E+02     2.84400000000000E+03
    1.39000000000000E+02     2.77300000000000E+03
    1.40000000000000E+02     2.90900000000000E+03
    1.41000000000000E+02     2.87900000000000E+03
    1.42000000000000E+02     2.94700000000000E+03
    1.43000000000000E+02     3.29700000000000E+03
    1.44000000000000E+02     3.20500000000000E+03
    1.45000000000000E+02     3.40700000000000E+03
    1.46000000000000E+02     3.45500000000000E+03
    1.47000000000000E+02     3.63500000000000E+03
    1.48000000000000E+02     3.91100000000000E+03
    1.49000000000000E+02     3.88200000000000E+03
    1.50000000000000E+02     4.04500000000000E+03
    1.51000000000000E+02     3.98500000000000E+03
    1.52000000000000E+02     4.00300000000000E+03
    1.53000000000000E+02     4.20000000000000E+03
    1.54000000000000E+02     4.28000000000000E+03
    1.55000000000000E+02     4.35800000000000E+03
    1.56000000000000E+02     4.65100000000000E+03
    1.57000000000000E+02     4.64500000000000E+03
    1.58000000000000E+02     4.83400000000000E+03
    1.59000000000000E+02     5.22800000000000E+03
    1.60000000000000E+02     5.15400000000000E+03
    1.61000000000000E+02     5.43100000000000E+03
    1.62000000000000E+02     5.67300000000000E+03
    1.63000000000000E+02     5.59400000000000E+03
    1.64000000000000E+02     5.71500000000000E+03
    1.65000000000000E+02     5.91300000000000E+03
    1.66000000000000E+02     5.99400000000000E+03
    1.67000000000000E+02     6.11600000000000E+03
    1.68000000000000E+02     6.68700000000000E+03
    1.69000000000000E+02     6.61700000000000E+03
    1.70000000000000E+02     7.06100000000000E+03
    1.71000000000000E+02     7.04000000000000E+03
    1.72000000000000E+02     7.49400000000000E+03
    1.73000000000000E+02     8.07100000000000E+03
    1.74000000000000E+02     8.76000000000000E+03
    1.75000000000000E+02     8.91200000000000E+03
    1.76000000000000E+02     9.78700000000000E+03
    1.77000000000000E+02     1.04770000000000E+04
    1.78000000000000E+02     1.07350000000000E+04
    1.79000000000000E+02     1.14320000000000E+04
    1.80000000000000E+02     1.20540000000000E+04
