    1.00000000000000E+00     2.04600000000000E+03
    2.00000000000000E+00     2.18000000000000E+03
    3.00000000000000E+00     2.40700000000000E+03
    4.00000000000000E+00     2.18200000000000E+03
    5.00000000000000E+00     2.33200000000000E+03
    6.00000000000000E+00     2.30800000000000E+03
    7.00000000000000E+00     2.38700000000000E+03
    8.00000000000000E+00     2.23300000000000E+03
    9.00000000000000E+00     2.56400000000000E+03
    1.00000000000000E+01     2.43800000000000E+03
    1.10000000000000E+01     2.50000000000000E+03
    1.20000000000000E+01     2.53400000000000E+03
    1.30000000000000E+01     2.37300000000000E+03
    1.40000000000000E+01     2.20700000000000E+03
    1.50000000000000E+01     2.39100000000000E+03
    1.60000000000000E+01     2.03900000000000E+03
    1.70000000000000E+01     2.17000000000000E+03
    1.80000000000000E+01     2.34700000000000E+03
    1.90000000000000E+01     2.35100000000000E+03
    2.00000000000000E+01     2.63300000000000E+03
    2.10000000000000E+01     2.66100000000000E+03
    2.20000000000000E+01     2.70800000000000E+03
    2.30000000000000E+01     2.96900000000000E+03
    2.40000000000000E+01     2.82400000000000E+03
    2.50000000000000E+01     2.88400000000000E+03
    2.60000000000000E+01     2.82600000000000E+03
    2.70000000000000E+01     3.07800000000000E+03
    2.80000000000000E+01     3.07200000000000E+03
    2.90000000000000E+01     2.90400000000000E+03
    3.00000000000000E+01     3.03000000000000E+03
    3.10000000000000E+01     2.89800000000000E+03
    3.20000000000000E+01     2.94200000000000E+03
    3.30000000000000E+01     3.01600000000000E+03
    3.40000000000000E+01     3.25900000000000E+03
    3.50000000000000E+01     3.23800000000000E+03
    3.60000000000000E+01     2.98200000000000E+03
    3.70000000000000E+01     3.05500000000000E+03
    3.80000000000000E+01     3.17800000000000E+03
    3.90000000000000E+01     3.40400000000000E+03
    4.00000000000000E+01     3.56400000000000E+03
    4.10000000000000E+01     3.73800000000000E+03
    4.20000000000000E+01     3.75800000000000E+03
    4.30000000000000E+01     3.81800000000000E+03
    4.40000000000000E+01     3.93100000000000E+03
    4.50000000000000E+01     3.89200000000000E+03
    4.60000000000000E+01     4.18300000000000E+03
    4.70000000000000E+01     4.42700000000000E+03
    4.80000000000000E+01     4.51200000000000E+03
    4.90000000000000E+01     4.35200000000000E+03
    5.00000000000000E+01     4.44800000000000E+03
    5.10000000000000E+01     4.27100000000000E+03
    5.20000000000000E+01     4.40100000000000E+03
    5.30000000000000E+01     4.72300000000000E+03
    5.40000000000000E+01     4.90800000000000E+03
    5.50000000000000E+01     4.81500000000000E+03
    5.60000000000000E+01     4.85500000000000E+03
    5.70000000000000E+01     5.09800000000000E+03
    5.80000000000000E+01     5.49700000000000E+03
    5.90000000000000E+01     5.94100000000000E+03
    6.00000000000000E+01     6.23100000000000E+03
    6.10000000000000E+01     6.76000000000000E+03
    6.20000000000000E+01     7.06200000000000E+03
    6.30000000000000E+01     7.24500000000000E+03
    6.40000000000000E+01     7.31900000000000E+03
    6.50000000000000E+01     7.61800000000000E+03
    6.60000000000000E+01     7.97400000000000E+03
    6.70000000000000E+01     8.47500000000000E+03
    6.80000000000000E+01     9.10400000000000E+03
    6.90000000000000E+01     9.77300000000000E+03
    7.00000000000000E+01     1.02450000000000E+04
    7.10000000000000E+01     1.11650000000000E+04
    7.20000000000000E+01     1.21000000000000E+04
