    1.00000000000000E+00     1.48100000000000E+03
    2.00000000000000E+00     1.55900000000000E+03
    3.00000000000000E+00     1.70300000000000E+03
    4.00000000000000E+00     1.76000000000000E+03
    5.00000000000000E+00     1.76800000000000E+03
    6.00000000000000E+00     1.79300000000000E+03
    7.00000000000000E+00     1.67500000000000E+03
    8.00000000000000E+00     1.65700000000000E+03
    9.00000000000000E+00     1.83500000000000E+03
    1.00000000000000E+01     1.75800000000000E+03
    1.10000000000000E+01     1.72900000000000E+03
    1.20000000000000E+01     1.91500000000000E+03
    1.30000000000000E+01     1.78600000000000E+03
    1.40000000000000E+01     1.71600000000000E+03
    1.50000000000000E+01     2.02700000000000E+03
    1.60000000000000E+01     1.74800000000000E+03
    1.70000000000000E+01     1.80600000000000E+03
    1.80000000000000E+01     1.66400000000000E+03
    1.90000000000000E+01     1.80100000000000E+03
    2.00000000000000E+01     1.46700000000000E+03
    2.10000000000000E+01     1.42500000000000E+03
    2.20000000000000E+01     1.41100000000000E+03
    2.30000000000000E+01     1.48100000000000E+03
    2.40000000000000E+01     1.54500000000000E+03
    2.50000000000000E+01     1.58600000000000E+03
    2.60000000000000E+01     1.69500000000000E+03
    2.70000000000000E+01     1.81300000000000E+03
    2.80000000000000E+01     1.77400000000000E+03
    2.90000000000000E+01     1.91500000000000E+03
    3.00000000000000E+01     1.77900000000000E+03
    3.10000000000000E+01     1.87400000000000E+03
    3.20000000000000E+01     1.74400000000000E+03
    3.30000000000000E+01     1.86600000000000E+03
    3.40000000000000E+01     1.47600000000000E+03
    3.50000000000000E+01     1.54300000000000E+03
    3.60000000000000E+01     1.64000000000000E+03
    3.70000000000000E+01     1.81200000000000E+03
    3.80000000000000E+01     1.91500000000000E+03
    3.90000000000000E+01     1.94400000000000E+03
    4.00000000000000E+01     1.94000000000000E+03
    4.10000000000000E+01     1.72300000000000E+03
    4.20000000000000E+01     1.70800000000000E+03
    4.30000000000000E+01     1.98100000000000E+03
    4.40000000000000E+01     2.02100000000000E+03
    4.50000000000000E+01     2.16600000000000E+03
    4.60000000000000E+01     2.09300000000000E+03
    4.70000000000000E+01     2.17900000000000E+03
    4.80000000000000E+01     2.12300000000000E+03
    4.90000000000000E+01     2.12800000000000E+03
    5.00000000000000E+01     2.01300000000000E+03
    5.10000000000000E+01     2.02700000000000E+03
    5.20000000000000E+01     1.95000000000000E+03
    5.30000000000000E+01     1.94500000000000E+03
    5.40000000000000E+01     1.87400000000000E+03
    5.50000000000000E+01     1.65700000000000E+03
    5.60000000000000E+01     1.39400000000000E+03
    5.70000000000000E+01     1.47500000000000E+03
    5.80000000000000E+01     1.69700000000000E+03
    5.90000000000000E+01     1.80400000000000E+03
    6.00000000000000E+01     1.79200000000000E+03
    6.10000000000000E+01     1.71200000000000E+03
    6.20000000000000E+01     1.80600000000000E+03
    6.30000000000000E+01     1.57000000000000E+03
    6.40000000000000E+01     1.60800000000000E+03
    6.50000000000000E+01     1.65900000000000E+03
    6.60000000000000E+01     1.96500000000000E+03
    6.70000000000000E+01     1.98900000000000E+03
    6.80000000000000E+01     1.89800000000000E+03
    6.90000000000000E+01     2.02800000000000E+03
    7.00000000000000E+01     1.90500000000000E+03
    7.10000000000000E+01     1.95600000000000E+03
    7.20000000000000E+01     1.87100000000000E+03
    7.30000000000000E+01     1.85300000000000E+03
    7.40000000000000E+01     1.70900000000000E+03
    7.50000000000000E+01     1.44300000000000E+03
    7.60000000000000E+01     1.43500000000000E+03
    7.70000000000000E+01     1.55600000000000E+03
    7.80000000000000E+01     1.51500000000000E+03
    7.90000000000000E+01     1.54000000000000E+03
    8.00000000000000E+01     1.55100000000000E+03
    8.10000000000000E+01     1.64100000000000E+03
    8.20000000000000E+01     1.80400000000000E+03
    8.30000000000000E+01     1.86800000000000E+03
    8.40000000000000E+01     1.89300000000000E+03
    8.50000000000000E+01     1.64100000000000E+03
    8.60000000000000E+01     1.54100000000000E+03
    8.70000000000000E+01     1.68300000000000E+03
    8.80000000000000E+01     1.67500000000000E+03
    8.90000000000000E+01     1.81000000000000E+03
    9.00000000000000E+01     1.71300000000000E+03
    9.10000000000000E+01     1.80800000000000E+03
    9.20000000000000E+01     1.66600000000000E+03
    9.30000000000000E+01     1.62400000000000E+03
    9.40000000000000E+01     1.65500000000000E+03
    9.50000000000000E+01     1.73400000000000E+03
    9.60000000000000E+01     1.88300000000000E+03
    9.70000000000000E+01     1.82200000000000E+03
    9.80000000000000E+01     1.62000000000000E+03
    9.90000000000000E+01     1.48800000000000E+03
    1.00000000000000E+02     1.62400000000000E+03
    1.01000000000000E+02     1.69000000000000E+03
    1.02000000000000E+02     1.92300000000000E+03
    1.03000000000000E+02     1.83700000000000E+03
    1.04000000000000E+02     1.76800000000000E+03
    1.05000000000000E+02     1.78900000000000E+03
    1.06000000000000E+02     1.83500000000000E+03
    1.07000000000000E+02     1.59800000000000E+03
    1.08000000000000E+02     1.64300000000000E+03
    1.09000000000000E+02     1.78800000000000E+03
    1.10000000000000E+02     1.70300000000000E+03
    1.11000000000000E+02     1.73900000000000E+03
    1.12000000000000E+02     1.74900000000000E+03
    1.13000000000000E+02     1.80000000000000E+03
    1.14000000000000E+02     1.70000000000000E+03
    1.15000000000000E+02     1.90700000000000E+03
    1.16000000000000E+02     1.61800000000000E+03
    1.17000000000000E+02     1.85500000000000E+03
    1.18000000000000E+02     1.66600000000000E+03
    1.19000000000000E+02     1.58300000000000E+03
    1.20000000000000E+02     1.76800000000000E+03
    1.21000000000000E+02     1.86000000000000E+03
    1.22000000000000E+02     1.78400000000000E+03
    1.23000000000000E+02     1.93400000000000E+03
    1.24000000000000E+02     1.97000000000000E+03
    1.25000000000000E+02     1.97600000000000E+03
    1.26000000000000E+02     1.93400000000000E+03
    1.27000000000000E+02     1.88400000000000E+03
    1.28000000000000E+02     1.70800000000000E+03
    1.29000000000000E+02     1.57300000000000E+03
    1.30000000000000E+02     1.59100000000000E+03
    1.31000000000000E+02     1.69400000000000E+03
    1.32000000000000E+02     1.85300000000000E+03
    1.33000000000000E+02     1.74600000000000E+03
    1.34000000000000E+02     1.87100000000000E+03
    1.35000000000000E+02     1.80000000000000E+03
    1.36000000000000E+02     1.84400000000000E+03
    1.37000000000000E+02     1.66600000000000E+03
    1.38000000000000E+02     1.40700000000000E+03
    1.39000000000000E+02     1.31900000000000E+03
    1.40000000000000E+02     1.43000000000000E+03
    1.41000000000000E+02     1.46900000000000E+03
    1.42000000000000E+02     1.66100000000000E+03
    1.43000000000000E+02     1.78500000000000E+03
    1.44000000000000E+02     1.97400000000000E+03
    1.45000000000000E+02     1.79100000000000E+03
    1.46000000000000E+02     1.81700000000000E+03
    1.47000000000000E+02     1.69100000000000E+03
    1.48000000000000E+02     1.68200000000000E+03
    1.49000000000000E+02     1.86900000000000E+03
    1.50000000000000E+02     1.94900000000000E+03
    1.51000000000000E+02     1.94200000000000E+03
    1.52000000000000E+02     1.81900000000000E+03
    1.53000000000000E+02     1.87300000000000E+03
    1.54000000000000E+02     1.63700000000000E+03
    1.55000000000000E+02     1.55800000000000E+03
    1.56000000000000E+02     1.49800000000000E+03
    1.57000000000000E+02     1.59400000000000E+03
    1.58000000000000E+02     1.67700000000000E+03
    1.59000000000000E+02     1.88700000000000E+03
    1.60000000000000E+02     1.75300000000000E+03
    1.61000000000000E+02     1.79700000000000E+03
    1.62000000000000E+02     1.72900000000000E+03
    1.63000000000000E+02     1.90800000000000E+03
    1.64000000000000E+02     1.82100000000000E+03
    1.65000000000000E+02     1.65500000000000E+03
    1.66000000000000E+02     1.57100000000000E+03
    1.67000000000000E+02     1.56400000000000E+03
    1.68000000000000E+02     1.72700000000000E+03
    1.69000000000000E+02     1.86300000000000E+03
    1.70000000000000E+02     1.74400000000000E+03
    1.71000000000000E+02     1.90100000000000E+03
    1.72000000000000E+02     1.78700000000000E+03
    1.73000000000000E+02     1.70900000000000E+03
    1.74000000000000E+02     1.71700000000000E+03
    1.75000000000000E+02     1.82000000000000E+03
    1.76000000000000E+02     1.55300000000000E+03
    1.77000000000000E+02     1.37900000000000E+03
    1.78000000000000E+02     1.56000000000000E+03
    1.79000000000000E+02     1.63600000000000E+03
    1.80000000000000E+02     1.68300000000000E+03
    1.81000000000000E+02     1.80100000000000E+03
    1.82000000000000E+02     1.66900000000000E+03
    1.83000000000000E+02     1.78100000000000E+03
    1.84000000000000E+02     1.80300000000000E+03
    1.85000000000000E+02     1.70700000000000E+03
    1.86000000000000E+02     1.77900000000000E+03
    1.87000000000000E+02     1.83500000000000E+03
    1.88000000000000E+02     1.92700000000000E+03
    1.89000000000000E+02     1.89800000000000E+03
    1.90000000000000E+02     1.73900000000000E+03
    1.91000000000000E+02     1.75000000000000E+03
    1.92000000000000E+02     1.71100000000000E+03
    1.93000000000000E+02     1.93600000000000E+03
    1.94000000000000E+02     2.08800000000000E+03
    1.95000000000000E+02     2.14200000000000E+03
    1.96000000000000E+02     2.08900000000000E+03
    1.97000000000000E+02     2.06400000000000E+03
    1.98000000000000E+02     2.14400000000000E+03
    1.99000000000000E+02     2.00600000000000E+03
    2.00000000000000E+02     1.91300000000000E+03
    2.01000000000000E+02     1.94000000000000E+03
    2.02000000000000E+02     1.67900000000000E+03
    2.03000000000000E+02     1.55400000000000E+03
    2.04000000000000E+02     1.51600000000000E+03
    2.05000000000000E+02     1.59600000000000E+03
    2.06000000000000E+02     1.63700000000000E+03
    2.07000000000000E+02     1.76200000000000E+03
    2.08000000000000E+02     1.76500000000000E+03
    2.09000000000000E+02     1.60700000000000E+03
    2.10000000000000E+02     1.70500000000000E+03
    2.11000000000000E+02     1.82000000000000E+03
    2.12000000000000E+02     1.63000000000000E+03
    2.13000000000000E+02     1.64800000000000E+03
    2.14000000000000E+02     1.64000000000000E+03
    2.15000000000000E+02     1.89800000000000E+03
    2.16000000000000E+02     1.55400000000000E+03
    2.17000000000000E+02     1.51700000000000E+03
    2.18000000000000E+02     1.50900000000000E+03
    2.19000000000000E+02     1.58100000000000E+03
    2.20000000000000E+02     1.76900000000000E+03
    2.21000000000000E+02     1.85400000000000E+03
    2.22000000000000E+02     1.83200000000000E+03
    2.23000000000000E+02     1.87900000000000E+03
    2.24000000000000E+02     1.75900000000000E+03
    2.25000000000000E+02     1.89500000000000E+03
    2.26000000000000E+02     1.83200000000000E+03
    2.27000000000000E+02     1.81000000000000E+03
    2.28000000000000E+02     1.72500000000000E+03
    2.29000000000000E+02     1.82900000000000E+03
    2.30000000000000E+02     1.61900000000000E+03
    2.31000000000000E+02     1.79000000000000E+03
    2.32000000000000E+02     1.60500000000000E+03
    2.33000000000000E+02     1.61200000000000E+03
    2.34000000000000E+02     1.71700000000000E+03
    2.35000000000000E+02     1.87100000000000E+03
    2.36000000000000E+02     1.72800000000000E+03
    2.37000000000000E+02     1.71800000000000E+03
    2.38000000000000E+02     1.84500000000000E+03
    2.39000000000000E+02     1.81200000000000E+03
    2.40000000000000E+02     1.86600000000000E+03
    2.41000000000000E+02     1.89200000000000E+03
    2.42000000000000E+02     1.68800000000000E+03
    2.43000000000000E+02     1.72200000000000E+03
    2.44000000000000E+02     1.81200000000000E+03
    2.45000000000000E+02     1.91700000000000E+03
    2.46000000000000E+02     1.94600000000000E+03
    2.47000000000000E+02     1.79900000000000E+03
    2.48000000000000E+02     1.70600000000000E+03
    2.49000000000000E+02     1.65400000000000E+03
    2.50000000000000E+02     1.63900000000000E+03
    2.51000000000000E+02     1.67500000000000E+03
    2.52000000000000E+02     1.71000000000000E+03
    2.53000000000000E+02     1.80800000000000E+03
    2.54000000000000E+02     1.59000000000000E+03
    2.55000000000000E+02     1.54300000000000E+03
    2.56000000000000E+02     1.63800000000000E+03
    2.57000000000000E+02     1.74900000000000E+03
    2.58000000000000E+02     1.75400000000000E+03
    2.59000000000000E+02     1.82800000000000E+03
    2.60000000000000E+02     1.82100000000000E+03
    2.61000000000000E+02     1.72900000000000E+03
    2.62000000000000E+02     1.78000000000000E+03
    2.63000000000000E+02     1.74000000000000E+03
    2.64000000000000E+02     1.82600000000000E+03
    2.65000000000000E+02     1.72700000000000E+03
    2.66000000000000E+02     1.81800000000000E+03
    2.67000000000000E+02     1.73400000000000E+03
    2.68000000000000E+02     1.86500000000000E+03
    2.69000000000000E+02     1.77700000000000E+03
    2.70000000000000E+02     1.75000000000000E+03
    2.71000000000000E+02     1.88500000000000E+03
    2.72000000000000E+02     2.05100000000000E+03
    2.73000000000000E+02     2.08600000000000E+03
    2.74000000000000E+02     2.00300000000000E+03
    2.75000000000000E+02     1.99700000000000E+03
    2.76000000000000E+02     2.05300000000000E+03
    2.77000000000000E+02     1.97700000000000E+03
    2.78000000000000E+02     2.20900000000000E+03
    2.79000000000000E+02     2.24800000000000E+03
    2.80000000000000E+02     2.31600000000000E+03
    2.81000000000000E+02     2.20900000000000E+03
    2.82000000000000E+02     2.08100000000000E+03
    2.83000000000000E+02     1.94700000000000E+03
    2.84000000000000E+02     1.95600000000000E+03
    2.85000000000000E+02     2.11800000000000E+03
    2.86000000000000E+02     2.15300000000000E+03
    2.87000000000000E+02     2.14800000000000E+03
    2.88000000000000E+02     2.31500000000000E+03
    2.89000000000000E+02     2.36300000000000E+03
    2.90000000000000E+02     2.30700000000000E+03
    2.91000000000000E+02     2.57100000000000E+03
    2.92000000000000E+02     2.53600000000000E+03
    2.93000000000000E+02     2.56600000000000E+03
    2.94000000000000E+02     2.52500000000000E+03
    2.95000000000000E+02     2.61700000000000E+03
    2.96000000000000E+02     2.77500000000000E+03
    2.97000000000000E+02     2.75800000000000E+03
    2.98000000000000E+02     2.80700000000000E+03
    2.99000000000000E+02     2.68400000000000E+03
    3.00000000000000E+02     2.56500000000000E+03
    3.01000000000000E+02     2.64800000000000E+03
    3.02000000000000E+02     2.52400000000000E+03
    3.03000000000000E+02     2.54700000000000E+03
    3.04000000000000E+02     2.72400000000000E+03
    3.05000000000000E+02     2.70400000000000E+03
    3.06000000000000E+02     2.71300000000000E+03
    3.07000000000000E+02     2.58000000000000E+03
    3.08000000000000E+02     2.69500000000000E+03
    3.09000000000000E+02     2.79200000000000E+03
    3.10000000000000E+02     2.90700000000000E+03
    3.11000000000000E+02     2.98500000000000E+03
    3.12000000000000E+02     2.87300000000000E+03
    3.13000000000000E+02     2.86400000000000E+03
    3.14000000000000E+02     2.95400000000000E+03
    3.15000000000000E+02     3.00400000000000E+03
    3.16000000000000E+02     3.05800000000000E+03
    3.17000000000000E+02     3.29000000000000E+03
    3.18000000000000E+02     3.32000000000000E+03
    3.19000000000000E+02     3.21800000000000E+03
    3.20000000000000E+02     3.69800000000000E+03
    3.21000000000000E+02     3.73800000000000E+03
    3.22000000000000E+02     3.80200000000000E+03
    3.23000000000000E+02     3.91100000000000E+03
    3.24000000000000E+02     3.96800000000000E+03
    3.25000000000000E+02     4.06000000000000E+03
    3.26000000000000E+02     4.20000000000000E+03
    3.27000000000000E+02     4.39900000000000E+03
    3.28000000000000E+02     4.55300000000000E+03
    3.29000000000000E+02     4.73400000000000E+03
    3.30000000000000E+02     4.93900000000000E+03
    3.31000000000000E+02     5.20200000000000E+03
    3.32000000000000E+02     5.80700000000000E+03
    3.33000000000000E+02     5.88900000000000E+03
    3.34000000000000E+02     6.31400000000000E+03
    3.35000000000000E+02     6.87600000000000E+03
    3.36000000000000E+02     7.00000000000000E+03
    3.37000000000000E+02     7.44200000000000E+03
    3.38000000000000E+02     8.22900000000000E+03
    3.39000000000000E+02     9.05900000000000E+03
