    1.00000000000000E+00     1.49100000000000E+03
    2.00000000000000E+00     1.66500000000000E+03
    3.00000000000000E+00     1.89800000000000E+03
    4.00000000000000E+00     1.67300000000000E+03
    5.00000000000000E+00     1.95700000000000E+03
    6.00000000000000E+00     1.71000000000000E+03
    7.00000000000000E+00     1.71300000000000E+03
    8.00000000000000E+00     1.86000000000000E+03
    9.00000000000000E+00     1.81500000000000E+03
    1.00000000000000E+01     1.83100000000000E+03
    1.10000000000000E+01     1.66900000000000E+03
    1.20000000000000E+01     1.68100000000000E+03
    1.30000000000000E+01     1.72400000000000E+03
    1.40000000000000E+01     1.69700000000000E+03
    1.50000000000000E+01     1.85100000000000E+03
    1.60000000000000E+01     1.76200000000000E+03
    1.70000000000000E+01     2.14100000000000E+03
    1.80000000000000E+01     2.08800000000000E+03
    1.90000000000000E+01     2.10600000000000E+03
    2.00000000000000E+01     1.96600000000000E+03
    2.10000000000000E+01     1.98100000000000E+03
    2.20000000000000E+01     1.87800000000000E+03
    2.30000000000000E+01     1.79700000000000E+03
    2.40000000000000E+01     1.83400000000000E+03
    2.50000000000000E+01     1.77900000000000E+03
    2.60000000000000E+01     1.86600000000000E+03
    2.70000000000000E+01     2.08300000000000E+03
    2.80000000000000E+01     1.94600000000000E+03
    2.90000000000000E+01     1.92100000000000E+03
    3.00000000000000E+01     2.00500000000000E+03
    3.10000000000000E+01     2.02500000000000E+03
    3.20000000000000E+01     2.02900000000000E+03
    3.30000000000000E+01     2.01000000000000E+03
    3.40000000000000E+01     2.01300000000000E+03
    3.50000000000000E+01     2.07500000000000E+03
    3.60000000000000E+01     2.07000000000000E+03
    3.70000000000000E+01     2.07800000000000E+03
    3.80000000000000E+01     1.84400000000000E+03
    3.90000000000000E+01     2.09300000000000E+03
    4.00000000000000E+01     2.08800000000000E+03
    4.10000000000000E+01     2.15300000000000E+03
    4.20000000000000E+01     1.93500000000000E+03
    4.30000000000000E+01     2.06800000000000E+03
    4.40000000000000E+01     2.16700000000000E+03
    4.50000000000000E+01     2.05800000000000E+03
    4.60000000000000E+01     1.94400000000000E+03
    4.70000000000000E+01     2.11600000000000E+03
    4.80000000000000E+01     2.21900000000000E+03
    4.90000000000000E+01     2.17600000000000E+03
    5.00000000000000E+01     2.14200000000000E+03
    5.10000000000000E+01     2.21600000000000E+03
    5.20000000000000E+01     2.14300000000000E+03
    5.30000000000000E+01     2.12700000000000E+03
    5.40000000000000E+01     2.07400000000000E+03
    5.50000000000000E+01     1.94100000000000E+03
    5.60000000000000E+01     1.82700000000000E+03
    5.70000000000000E+01     1.75300000000000E+03
    5.80000000000000E+01     7.07000000000000E+02
    5.90000000000000E+01     9.85000000000000E+02
    6.00000000000000E+01     1.07400000000000E+03
    6.10000000000000E+01     1.19100000000000E+03
    6.20000000000000E+01     1.28900000000000E+03
    6.30000000000000E+01     1.41600000000000E+03
    6.40000000000000E+01     1.54600000000000E+03
    6.50000000000000E+01     1.52100000000000E+03
    6.60000000000000E+01     1.57700000000000E+03
    6.70000000000000E+01     1.57900000000000E+03
    6.80000000000000E+01     1.71700000000000E+03
    6.90000000000000E+01     1.79400000000000E+03
    7.00000000000000E+01     1.95100000000000E+03
    7.10000000000000E+01     1.93800000000000E+03
    7.20000000000000E+01     2.03300000000000E+03
    7.30000000000000E+01     1.73900000000000E+03
    7.40000000000000E+01     1.91400000000000E+03
    7.50000000000000E+01     2.02100000000000E+03
    7.60000000000000E+01     1.93700000000000E+03
    7.70000000000000E+01     2.07600000000000E+03
    7.80000000000000E+01     2.01600000000000E+03
    7.90000000000000E+01     1.84900000000000E+03
    8.00000000000000E+01     1.92800000000000E+03
    8.10000000000000E+01     1.74700000000000E+03
    8.20000000000000E+01     1.70100000000000E+03
    8.30000000000000E+01     1.84800000000000E+03
    8.40000000000000E+01     1.60200000000000E+03
    8.50000000000000E+01     1.56100000000000E+03
    8.60000000000000E+01     1.57400000000000E+03
    8.70000000000000E+01     1.67700000000000E+03
    8.80000000000000E+01     1.82500000000000E+03
    8.90000000000000E+01     1.69200000000000E+03
    9.00000000000000E+01     1.87400000000000E+03
    9.10000000000000E+01     1.60900000000000E+03
    9.20000000000000E+01     1.62100000000000E+03
    9.30000000000000E+01     1.67200000000000E+03
    9.40000000000000E+01     1.62500000000000E+03
    9.50000000000000E+01     1.77300000000000E+03
    9.60000000000000E+01     1.91400000000000E+03
    9.70000000000000E+01     1.81500000000000E+03
    9.80000000000000E+01     1.87700000000000E+03
    9.90000000000000E+01     1.62900000000000E+03
    1.00000000000000E+02     1.47600000000000E+03
    1.01000000000000E+02     1.63000000000000E+03
    1.02000000000000E+02     1.60900000000000E+03
    1.03000000000000E+02     1.58900000000000E+03
    1.04000000000000E+02     1.56900000000000E+03
    1.05000000000000E+02     1.55800000000000E+03
    1.06000000000000E+02     1.54000000000000E+03
    1.07000000000000E+02     1.46800000000000E+03
    1.08000000000000E+02     1.65900000000000E+03
    1.09000000000000E+02     1.72600000000000E+03
    1.10000000000000E+02     1.83100000000000E+03
    1.11000000000000E+02     1.67800000000000E+03
    1.12000000000000E+02     1.74900000000000E+03
    1.13000000000000E+02     1.91100000000000E+03
    1.14000000000000E+02     1.85100000000000E+03
    1.15000000000000E+02     1.87000000000000E+03
    1.16000000000000E+02     1.79600000000000E+03
    1.17000000000000E+02     1.74200000000000E+03
    1.18000000000000E+02     1.79300000000000E+03
    1.19000000000000E+02     1.55400000000000E+03
    1.20000000000000E+02     1.71800000000000E+03
    1.21000000000000E+02     1.82500000000000E+03
    1.22000000000000E+02     1.81600000000000E+03
    1.23000000000000E+02     1.71900000000000E+03
    1.24000000000000E+02     1.71300000000000E+03
    1.25000000000000E+02     1.71400000000000E+03
    1.26000000000000E+02     1.92500000000000E+03
    1.27000000000000E+02     1.79700000000000E+03
    1.28000000000000E+02     1.80800000000000E+03
    1.29000000000000E+02     1.81600000000000E+03
    1.30000000000000E+02     1.70600000000000E+03
    1.31000000000000E+02     1.58700000000000E+03
    1.32000000000000E+02     1.69400000000000E+03
    1.33000000000000E+02     1.66200000000000E+03
    1.34000000000000E+02     1.75800000000000E+03
    1.35000000000000E+02     1.76600000000000E+03
    1.36000000000000E+02     1.70400000000000E+03
    1.37000000000000E+02     1.97900000000000E+03
    1.38000000000000E+02     1.77300000000000E+03
    1.39000000000000E+02     2.00900000000000E+03
    1.40000000000000E+02     1.96400000000000E+03
    1.41000000000000E+02     2.07000000000000E+03
    1.42000000000000E+02     1.99600000000000E+03
    1.43000000000000E+02     1.84700000000000E+03
    1.44000000000000E+02     1.97100000000000E+03
    1.45000000000000E+02     1.92200000000000E+03
    1.46000000000000E+02     2.02900000000000E+03
    1.47000000000000E+02     2.10800000000000E+03
    1.48000000000000E+02     2.14600000000000E+03
    1.49000000000000E+02     2.12400000000000E+03
    1.50000000000000E+02     2.08300000000000E+03
    1.51000000000000E+02     2.14100000000000E+03
    1.52000000000000E+02     2.13400000000000E+03
    1.53000000000000E+02     2.25700000000000E+03
    1.54000000000000E+02     2.19200000000000E+03
    1.55000000000000E+02     2.23100000000000E+03
    1.56000000000000E+02     2.38700000000000E+03
    1.57000000000000E+02     2.38100000000000E+03
    1.58000000000000E+02     2.30400000000000E+03
    1.59000000000000E+02     2.12800000000000E+03
    1.60000000000000E+02     2.00600000000000E+03
    1.61000000000000E+02     2.02900000000000E+03
    1.62000000000000E+02     1.94000000000000E+03
    1.63000000000000E+02     2.05800000000000E+03
    1.64000000000000E+02     2.05000000000000E+03
    1.65000000000000E+02     1.92300000000000E+03
    1.66000000000000E+02     1.79400000000000E+03
    1.67000000000000E+02     1.68600000000000E+03
    1.68000000000000E+02     1.46600000000000E+03
    1.69000000000000E+02     1.44700000000000E+03
    1.70000000000000E+02     1.42000000000000E+03
    1.71000000000000E+02     1.79600000000000E+03
    1.72000000000000E+02     1.53100000000000E+03
    1.73000000000000E+02     1.58100000000000E+03
    1.74000000000000E+02     1.60600000000000E+03
    1.75000000000000E+02     1.69900000000000E+03
    1.76000000000000E+02     1.85700000000000E+03
    1.77000000000000E+02     1.93800000000000E+03
    1.78000000000000E+02     1.93100000000000E+03
    1.79000000000000E+02     2.02400000000000E+03
    1.80000000000000E+02     2.03400000000000E+03
    1.81000000000000E+02     2.05500000000000E+03
    1.82000000000000E+02     1.96700000000000E+03
    1.83000000000000E+02     2.08300000000000E+03
    1.84000000000000E+02     1.87900000000000E+03
    1.85000000000000E+02     2.10800000000000E+03
    1.86000000000000E+02     1.78500000000000E+03
    1.87000000000000E+02     1.80300000000000E+03
    1.88000000000000E+02     1.78500000000000E+03
    1.89000000000000E+02     1.73400000000000E+03
    1.90000000000000E+02     1.87900000000000E+03
    1.91000000000000E+02     1.76900000000000E+03
    1.92000000000000E+02     1.91100000000000E+03
    1.93000000000000E+02     1.80300000000000E+03
    1.94000000000000E+02     1.69600000000000E+03
    1.95000000000000E+02     1.67900000000000E+03
    1.96000000000000E+02     1.91900000000000E+03
    1.97000000000000E+02     1.88100000000000E+03
    1.98000000000000E+02     1.70600000000000E+03
    1.99000000000000E+02     1.65800000000000E+03
    2.00000000000000E+02     1.68900000000000E+03
    2.01000000000000E+02     1.65700000000000E+03
    2.02000000000000E+02     1.76500000000000E+03
    2.03000000000000E+02     1.86800000000000E+03
    2.04000000000000E+02     1.67600000000000E+03
    2.05000000000000E+02     1.69400000000000E+03
    2.06000000000000E+02     1.64500000000000E+03
    2.07000000000000E+02     1.69600000000000E+03
    2.08000000000000E+02     1.76600000000000E+03
    2.09000000000000E+02     1.86100000000000E+03
    2.10000000000000E+02     1.83000000000000E+03
    2.11000000000000E+02     1.90100000000000E+03
    2.12000000000000E+02     1.84800000000000E+03
    2.13000000000000E+02     1.72600000000000E+03
    2.14000000000000E+02     1.95600000000000E+03
    2.15000000000000E+02     1.87300000000000E+03
    2.16000000000000E+02     1.55800000000000E+03
    2.17000000000000E+02     1.57100000000000E+03
    2.18000000000000E+02     1.71500000000000E+03
    2.19000000000000E+02     1.77500000000000E+03
    2.20000000000000E+02     1.70300000000000E+03
    2.21000000000000E+02     1.86800000000000E+03
    2.22000000000000E+02     1.74300000000000E+03
    2.23000000000000E+02     1.96400000000000E+03
    2.24000000000000E+02     1.91800000000000E+03
    2.25000000000000E+02     1.75500000000000E+03
    2.26000000000000E+02     2.03400000000000E+03
    2.27000000000000E+02     1.94000000000000E+03
    2.28000000000000E+02     1.99900000000000E+03
    2.29000000000000E+02     1.93200000000000E+03
    2.30000000000000E+02     1.94600000000000E+03
    2.31000000000000E+02     1.69700000000000E+03
    2.32000000000000E+02     1.75500000000000E+03
    2.33000000000000E+02     1.80900000000000E+03
    2.34000000000000E+02     1.70400000000000E+03
    2.35000000000000E+02     1.81500000000000E+03
    2.36000000000000E+02     1.60400000000000E+03
    2.37000000000000E+02     1.53600000000000E+03
    2.38000000000000E+02     1.58300000000000E+03
    2.39000000000000E+02     1.75200000000000E+03
    2.40000000000000E+02     1.71000000000000E+03
    2.41000000000000E+02     1.69500000000000E+03
    2.42000000000000E+02     1.80400000000000E+03
    2.43000000000000E+02     1.65000000000000E+03
    2.44000000000000E+02     1.61000000000000E+03
    2.45000000000000E+02     1.77900000000000E+03
    2.46000000000000E+02     1.75200000000000E+03
    2.47000000000000E+02     1.86700000000000E+03
    2.48000000000000E+02     1.80500000000000E+03
    2.49000000000000E+02     1.72800000000000E+03
    2.50000000000000E+02     1.73700000000000E+03
    2.51000000000000E+02     1.73500000000000E+03
    2.52000000000000E+02     1.92900000000000E+03
    2.53000000000000E+02     1.94700000000000E+03
    2.54000000000000E+02     1.77500000000000E+03
    2.55000000000000E+02     1.77200000000000E+03
    2.56000000000000E+02     1.81300000000000E+03
    2.57000000000000E+02     1.80600000000000E+03
    2.58000000000000E+02     1.89300000000000E+03
    2.59000000000000E+02     1.78000000000000E+03
    2.60000000000000E+02     1.86100000000000E+03
    2.61000000000000E+02     1.97600000000000E+03
    2.62000000000000E+02     1.95800000000000E+03
    2.63000000000000E+02     1.95600000000000E+03
    2.64000000000000E+02     1.85200000000000E+03
    2.65000000000000E+02     1.92100000000000E+03
    2.66000000000000E+02     1.77700000000000E+03
    2.67000000000000E+02     1.69100000000000E+03
    2.68000000000000E+02     1.79800000000000E+03
    2.69000000000000E+02     1.73800000000000E+03
    2.70000000000000E+02     2.05500000000000E+03
    2.71000000000000E+02     1.86400000000000E+03
    2.72000000000000E+02     1.74600000000000E+03
    2.73000000000000E+02     1.86900000000000E+03
    2.74000000000000E+02     1.92200000000000E+03
    2.75000000000000E+02     1.84300000000000E+03
    2.76000000000000E+02     1.64000000000000E+03
    2.77000000000000E+02     1.59400000000000E+03
    2.78000000000000E+02     1.69100000000000E+03
    2.79000000000000E+02     1.68400000000000E+03
    2.80000000000000E+02     1.74100000000000E+03
    2.81000000000000E+02     1.91200000000000E+03
    2.82000000000000E+02     1.76000000000000E+03
    2.83000000000000E+02     1.89200000000000E+03
    2.84000000000000E+02     1.86800000000000E+03
    2.85000000000000E+02     1.64400000000000E+03
    2.86000000000000E+02     1.48900000000000E+03
    2.87000000000000E+02     1.59100000000000E+03
    2.88000000000000E+02     1.63000000000000E+03
    2.89000000000000E+02     1.85100000000000E+03
    2.90000000000000E+02     1.70300000000000E+03
    2.91000000000000E+02     1.76300000000000E+03
    2.92000000000000E+02     1.82100000000000E+03
    2.93000000000000E+02     1.69800000000000E+03
    2.94000000000000E+02     1.66900000000000E+03
    2.95000000000000E+02     1.74600000000000E+03
    2.96000000000000E+02     1.80600000000000E+03
    2.97000000000000E+02     1.68300000000000E+03
    2.98000000000000E+02     1.89200000000000E+03
    2.99000000000000E+02     1.56400000000000E+03
    3.00000000000000E+02     1.62800000000000E+03
    3.01000000000000E+02     1.64300000000000E+03
    3.02000000000000E+02     1.67500000000000E+03
    3.03000000000000E+02     1.82900000000000E+03
    3.04000000000000E+02     1.71600000000000E+03
    3.05000000000000E+02     1.74400000000000E+03
    3.06000000000000E+02     1.74600000000000E+03
    3.07000000000000E+02     1.85500000000000E+03
    3.08000000000000E+02     1.74000000000000E+03
    3.09000000000000E+02     2.03200000000000E+03
    3.10000000000000E+02     2.05600000000000E+03
    3.11000000000000E+02     2.14400000000000E+03
    3.12000000000000E+02     2.15600000000000E+03
    3.13000000000000E+02     2.18300000000000E+03
    3.14000000000000E+02     2.36900000000000E+03
    3.15000000000000E+02     2.56600000000000E+03
    3.16000000000000E+02     2.50100000000000E+03
    3.17000000000000E+02     2.60900000000000E+03
    3.18000000000000E+02     2.60500000000000E+03
    3.19000000000000E+02     2.72300000000000E+03
    3.20000000000000E+02     2.70500000000000E+03
    3.21000000000000E+02     2.46900000000000E+03
    3.22000000000000E+02     2.25700000000000E+03
    3.23000000000000E+02     2.24200000000000E+03
    3.24000000000000E+02     2.21300000000000E+03
    3.25000000000000E+02     2.26800000000000E+03
    3.26000000000000E+02     2.30500000000000E+03
    3.27000000000000E+02     2.50100000000000E+03
    3.28000000000000E+02     2.37200000000000E+03
    3.29000000000000E+02     2.31700000000000E+03
    3.30000000000000E+02     2.37900000000000E+03
    3.31000000000000E+02     2.60500000000000E+03
    3.32000000000000E+02     2.40900000000000E+03
    3.33000000000000E+02     2.64500000000000E+03
    3.34000000000000E+02     2.62800000000000E+03
    3.35000000000000E+02     2.88200000000000E+03
    3.36000000000000E+02     2.96700000000000E+03
    3.37000000000000E+02     3.19000000000000E+03
    3.38000000000000E+02     3.03600000000000E+03
    3.39000000000000E+02     3.30700000000000E+03
    3.40000000000000E+02     3.41800000000000E+03
    3.41000000000000E+02     3.62500000000000E+03
    3.42000000000000E+02     3.95000000000000E+03
    3.43000000000000E+02     4.02000000000000E+03
    3.44000000000000E+02     4.31400000000000E+03
    3.45000000000000E+02     4.17400000000000E+03
    3.46000000000000E+02     4.15200000000000E+03
    3.47000000000000E+02     4.34800000000000E+03
    3.48000000000000E+02     4.57300000000000E+03
    3.49000000000000E+02     4.48300000000000E+03
    3.50000000000000E+02     4.75100000000000E+03
    3.51000000000000E+02     4.87400000000000E+03
    3.52000000000000E+02     5.27400000000000E+03
    3.53000000000000E+02     5.41500000000000E+03
    3.54000000000000E+02     5.95900000000000E+03
    3.55000000000000E+02     6.18800000000000E+03
    3.56000000000000E+02     6.15600000000000E+03
    3.57000000000000E+02     6.79100000000000E+03
    3.58000000000000E+02     7.31500000000000E+03
    3.59000000000000E+02     7.34400000000000E+03
    3.60000000000000E+02     7.93500000000000E+03
    3.61000000000000E+02     8.60500000000000E+03
    3.62000000000000E+02     9.08700000000000E+03
