    1.00000000000000E+00     1.59000000000000E+03
    2.00000000000000E+00     1.77800000000000E+03
    3.00000000000000E+00     2.01000000000000E+03
    4.00000000000000E+00     1.83800000000000E+03
    5.00000000000000E+00     1.91500000000000E+03
    6.00000000000000E+00     1.78500000000000E+03
    7.00000000000000E+00     2.17600000000000E+03
    8.00000000000000E+00     2.19700000000000E+03
    9.00000000000000E+00     2.14900000000000E+03
    1.00000000000000E+01     2.05000000000000E+03
    1.10000000000000E+01     2.23300000000000E+03
    1.20000000000000E+01     1.89800000000000E+03
    1.30000000000000E+01     1.80300000000000E+03
    1.40000000000000E+01     1.78700000000000E+03
    1.50000000000000E+01     1.91800000000000E+03
    1.60000000000000E+01     1.98900000000000E+03
    1.70000000000000E+01     1.94000000000000E+03
    1.80000000000000E+01     2.00400000000000E+03
    1.90000000000000E+01     2.08600000000000E+03
    2.00000000000000E+01     2.26400000000000E+03
    2.10000000000000E+01     2.37900000000000E+03
    2.20000000000000E+01     2.57600000000000E+03
    2.30000000000000E+01     2.70300000000000E+03
    2.40000000000000E+01     2.72400000000000E+03
    2.50000000000000E+01     2.68500000000000E+03
    2.60000000000000E+01     2.91400000000000E+03
    2.70000000000000E+01     2.94000000000000E+03
    2.80000000000000E+01     3.11300000000000E+03
    2.90000000000000E+01     3.28600000000000E+03
    3.00000000000000E+01     3.40200000000000E+03
    3.10000000000000E+01     3.48100000000000E+03
    3.20000000000000E+01     3.61200000000000E+03
    3.30000000000000E+01     3.79200000000000E+03
    3.40000000000000E+01     3.82700000000000E+03
    3.50000000000000E+01     3.92800000000000E+03
    3.60000000000000E+01     3.94400000000000E+03
    3.70000000000000E+01     4.11300000000000E+03
    3.80000000000000E+01     4.52700000000000E+03
    3.90000000000000E+01     4.72400000000000E+03
    4.00000000000000E+01     5.16100000000000E+03
    4.10000000000000E+01     5.40900000000000E+03
    4.20000000000000E+01     5.61500000000000E+03
    4.30000000000000E+01     6.22100000000000E+03
    4.40000000000000E+01     6.68600000000000E+03
    4.50000000000000E+01     7.21600000000000E+03
    4.60000000000000E+01     7.85900000000000E+03
    4.70000000000000E+01     8.43900000000000E+03
    4.80000000000000E+01     8.83400000000000E+03
    4.90000000000000E+01     9.47600000000000E+03
