    1.00000000000000E+00     1.74700000000000E+03
    2.00000000000000E+00     1.68500000000000E+03
    3.00000000000000E+00     1.94500000000000E+03
    4.00000000000000E+00     1.72800000000000E+03
    5.00000000000000E+00     1.95400000000000E+03
    6.00000000000000E+00     1.92000000000000E+03
    7.00000000000000E+00     1.82700000000000E+03
    8.00000000000000E+00     1.74600000000000E+03
    9.00000000000000E+00     1.96600000000000E+03
    1.00000000000000E+01     1.81400000000000E+03
    1.10000000000000E+01     1.84800000000000E+03
    1.20000000000000E+01     1.72700000000000E+03
    1.30000000000000E+01     1.80500000000000E+03
    1.40000000000000E+01     1.66800000000000E+03
    1.50000000000000E+01     1.77400000000000E+03
    1.60000000000000E+01     1.92200000000000E+03
    1.70000000000000E+01     2.15600000000000E+03
    1.80000000000000E+01     2.04500000000000E+03
    1.90000000000000E+01     1.89900000000000E+03
    2.00000000000000E+01     1.89600000000000E+03
    2.10000000000000E+01     1.85000000000000E+03
    2.20000000000000E+01     1.82100000000000E+03
    2.30000000000000E+01     1.84000000000000E+03
    2.40000000000000E+01     1.74500000000000E+03
    2.50000000000000E+01     2.01400000000000E+03
    2.60000000000000E+01     1.92100000000000E+03
    2.70000000000000E+01     1.91000000000000E+03
    2.80000000000000E+01     1.84300000000000E+03
    2.90000000000000E+01     1.75400000000000E+03
    3.00000000000000E+01     1.73700000000000E+03
    3.10000000000000E+01     1.70100000000000E+03
    3.20000000000000E+01     1.95800000000000E+03
    3.30000000000000E+01     1.83700000000000E+03
    3.40000000000000E+01     1.77800000000000E+03
    3.50000000000000E+01     1.88600000000000E+03
    3.60000000000000E+01     1.93300000000000E+03
    3.70000000000000E+01     1.83300000000000E+03
    3.80000000000000E+01     1.70800000000000E+03
    3.90000000000000E+01     1.86500000000000E+03
    4.00000000000000E+01     1.66600000000000E+03
    4.10000000000000E+01     1.86700000000000E+03
    4.20000000000000E+01     1.85400000000000E+03
    4.30000000000000E+01     1.95600000000000E+03
    4.40000000000000E+01     1.90500000000000E+03
    4.50000000000000E+01     2.14300000000000E+03
    4.60000000000000E+01     1.91000000000000E+03
    4.70000000000000E+01     1.95700000000000E+03
    4.80000000000000E+01     1.86200000000000E+03
    4.90000000000000E+01     1.93400000000000E+03
    5.00000000000000E+01     1.87300000000000E+03
    5.10000000000000E+01     1.83600000000000E+03
    5.20000000000000E+01     1.58800000000000E+03
    5.30000000000000E+01     1.66200000000000E+03
    5.40000000000000E+01     1.98400000000000E+03
    5.50000000000000E+01     1.90400000000000E+03
    5.60000000000000E+01     1.91100000000000E+03
    5.70000000000000E+01     1.91000000000000E+03
    5.80000000000000E+01     1.98500000000000E+03
    5.90000000000000E+01     1.87200000000000E+03
    6.00000000000000E+01     1.91100000000000E+03
    6.10000000000000E+01     1.89300000000000E+03
    6.20000000000000E+01     1.60700000000000E+03
    6.30000000000000E+01     1.42400000000000E+03
    6.40000000000000E+01     1.60300000000000E+03
    6.50000000000000E+01     1.65900000000000E+03
    6.60000000000000E+01     1.98500000000000E+03
    6.70000000000000E+01     1.76900000000000E+03
    6.80000000000000E+01     1.94300000000000E+03
    6.90000000000000E+01     1.97200000000000E+03
    7.00000000000000E+01     1.93200000000000E+03
    7.10000000000000E+01     1.91200000000000E+03
    7.20000000000000E+01     1.80300000000000E+03
    7.30000000000000E+01     1.86200000000000E+03
    7.40000000000000E+01     1.63900000000000E+03
    7.50000000000000E+01     1.58600000000000E+03
    7.60000000000000E+01     1.76700000000000E+03
    7.70000000000000E+01     1.74400000000000E+03
    7.80000000000000E+01     1.68400000000000E+03
    7.90000000000000E+01     1.63500000000000E+03
    8.00000000000000E+01     1.76900000000000E+03
    8.10000000000000E+01     1.84100000000000E+03
    8.20000000000000E+01     1.74000000000000E+03
    8.30000000000000E+01     1.91900000000000E+03
    8.40000000000000E+01     1.77200000000000E+03
    8.50000000000000E+01     1.85500000000000E+03
    8.60000000000000E+01     1.81400000000000E+03
    8.70000000000000E+01     1.64500000000000E+03
    8.80000000000000E+01     1.83900000000000E+03
    8.90000000000000E+01     1.69600000000000E+03
    9.00000000000000E+01     1.72500000000000E+03
    9.10000000000000E+01     1.92600000000000E+03
    9.20000000000000E+01     1.96700000000000E+03
    9.30000000000000E+01     2.02100000000000E+03
    9.40000000000000E+01     1.96300000000000E+03
    9.50000000000000E+01     1.89800000000000E+03
    9.60000000000000E+01     1.76600000000000E+03
    9.70000000000000E+01     1.84900000000000E+03
    9.80000000000000E+01     1.62000000000000E+03
    9.90000000000000E+01     1.62200000000000E+03
    1.00000000000000E+02     1.72300000000000E+03
    1.01000000000000E+02     1.83500000000000E+03
    1.02000000000000E+02     1.79900000000000E+03
    1.03000000000000E+02     1.80100000000000E+03
    1.04000000000000E+02     1.64600000000000E+03
    1.05000000000000E+02     1.74000000000000E+03
    1.06000000000000E+02     1.92500000000000E+03
    1.07000000000000E+02     1.66200000000000E+03
    1.08000000000000E+02     1.77400000000000E+03
    1.09000000000000E+02     1.81900000000000E+03
    1.10000000000000E+02     1.76200000000000E+03
    1.11000000000000E+02     1.83600000000000E+03
    1.12000000000000E+02     1.78100000000000E+03
    1.13000000000000E+02     1.96900000000000E+03
    1.14000000000000E+02     2.08100000000000E+03
    1.15000000000000E+02     2.20300000000000E+03
    1.16000000000000E+02     2.23800000000000E+03
    1.17000000000000E+02     2.08200000000000E+03
    1.18000000000000E+02     2.01400000000000E+03
    1.19000000000000E+02     2.19000000000000E+03
    1.20000000000000E+02     2.21900000000000E+03
    1.21000000000000E+02     2.33900000000000E+03
    1.22000000000000E+02     2.47900000000000E+03
    1.23000000000000E+02     2.43100000000000E+03
    1.24000000000000E+02     2.53500000000000E+03
    1.25000000000000E+02     2.51000000000000E+03
    1.26000000000000E+02     2.24600000000000E+03
    1.27000000000000E+02     2.40400000000000E+03
    1.28000000000000E+02     2.35000000000000E+03
    1.29000000000000E+02     2.55200000000000E+03
    1.30000000000000E+02     2.49900000000000E+03
    1.31000000000000E+02     2.63100000000000E+03
    1.32000000000000E+02     2.72600000000000E+03
    1.33000000000000E+02     2.89800000000000E+03
    1.34000000000000E+02     3.00800000000000E+03
    1.35000000000000E+02     2.97100000000000E+03
    1.36000000000000E+02     2.98500000000000E+03
    1.37000000000000E+02     3.03300000000000E+03
    1.38000000000000E+02     3.12000000000000E+03
    1.39000000000000E+02     3.27800000000000E+03
    1.40000000000000E+02     3.57100000000000E+03
    1.41000000000000E+02     3.71300000000000E+03
    1.42000000000000E+02     3.81000000000000E+03
    1.43000000000000E+02     4.12600000000000E+03
    1.44000000000000E+02     4.20600000000000E+03
    1.45000000000000E+02     4.34700000000000E+03
    1.46000000000000E+02     4.46200000000000E+03
    1.47000000000000E+02     4.40700000000000E+03
    1.48000000000000E+02     4.43800000000000E+03
    1.49000000000000E+02     4.80600000000000E+03
    1.50000000000000E+02     5.47600000000000E+03
    1.51000000000000E+02     5.71500000000000E+03
    1.52000000000000E+02     5.84000000000000E+03
    1.53000000000000E+02     6.13300000000000E+03
    1.54000000000000E+02     6.89300000000000E+03
    1.55000000000000E+02     7.11900000000000E+03
    1.56000000000000E+02     7.80900000000000E+03
    1.57000000000000E+02     8.11000000000000E+03
    1.58000000000000E+02     8.69700000000000E+03
    1.59000000000000E+02     9.28700000000000E+03
