    1.00000000000000E+00     1.61800000000000E+03
    2.00000000000000E+00     1.75200000000000E+03
    3.00000000000000E+00     1.85200000000000E+03
    4.00000000000000E+00     1.78000000000000E+03
    5.00000000000000E+00     1.82600000000000E+03
    6.00000000000000E+00     1.68900000000000E+03
    7.00000000000000E+00     1.59600000000000E+03
    8.00000000000000E+00     1.72200000000000E+03
    9.00000000000000E+00     1.89700000000000E+03
    1.00000000000000E+01     1.99200000000000E+03
    1.10000000000000E+01     1.96900000000000E+03
    1.20000000000000E+01     1.93400000000000E+03
    1.30000000000000E+01     1.86300000000000E+03
    1.40000000000000E+01     1.60000000000000E+03
    1.50000000000000E+01     1.31200000000000E+03
    1.60000000000000E+01     1.47400000000000E+03
    1.70000000000000E+01     1.62200000000000E+03
    1.80000000000000E+01     1.76100000000000E+03
    1.90000000000000E+01     1.74100000000000E+03
    2.00000000000000E+01     1.92900000000000E+03
    2.10000000000000E+01     1.78300000000000E+03
    2.20000000000000E+01     1.99900000000000E+03
    2.30000000000000E+01     1.80900000000000E+03
    2.40000000000000E+01     1.75700000000000E+03
    2.50000000000000E+01     1.86800000000000E+03
    2.60000000000000E+01     1.91000000000000E+03
    2.70000000000000E+01     1.91700000000000E+03
    2.80000000000000E+01     1.82700000000000E+03
    2.90000000000000E+01     1.88000000000000E+03
    3.00000000000000E+01     1.86400000000000E+03
    3.10000000000000E+01     1.86900000000000E+03
    3.20000000000000E+01     1.91200000000000E+03
    3.30000000000000E+01     2.06000000000000E+03
    3.40000000000000E+01     1.77000000000000E+03
    3.50000000000000E+01     1.77300000000000E+03
    3.60000000000000E+01     1.83500000000000E+03
    3.70000000000000E+01     1.80100000000000E+03
    3.80000000000000E+01     1.73200000000000E+03
    3.90000000000000E+01     1.88300000000000E+03
    4.00000000000000E+01     1.78500000000000E+03
    4.10000000000000E+01     1.91200000000000E+03
    4.20000000000000E+01     2.03300000000000E+03
    4.30000000000000E+01     1.99800000000000E+03
    4.40000000000000E+01     2.01700000000000E+03
    4.50000000000000E+01     1.80200000000000E+03
    4.60000000000000E+01     1.68400000000000E+03
    4.70000000000000E+01     1.52900000000000E+03
    4.80000000000000E+01     1.66600000000000E+03
    4.90000000000000E+01     1.74600000000000E+03
    5.00000000000000E+01     1.78300000000000E+03
    5.10000000000000E+01     1.89900000000000E+03
    5.20000000000000E+01     1.66400000000000E+03
    5.30000000000000E+01     1.79600000000000E+03
    5.40000000000000E+01     1.77900000000000E+03
    5.50000000000000E+01     1.93900000000000E+03
    5.60000000000000E+01     1.80900000000000E+03
    5.70000000000000E+01     1.74800000000000E+03
    5.80000000000000E+01     1.78000000000000E+03
    5.90000000000000E+01     1.67100000000000E+03
    6.00000000000000E+01     1.73400000000000E+03
    6.10000000000000E+01     1.98300000000000E+03
    6.20000000000000E+01     1.84900000000000E+03
    6.30000000000000E+01     1.82500000000000E+03
    6.40000000000000E+01     1.84100000000000E+03
    6.50000000000000E+01     1.92900000000000E+03
    6.60000000000000E+01     1.63800000000000E+03
    6.70000000000000E+01     1.51500000000000E+03
    6.80000000000000E+01     1.47000000000000E+03
    6.90000000000000E+01     1.52300000000000E+03
    7.00000000000000E+01     1.59300000000000E+03
    7.10000000000000E+01     1.58200000000000E+03
    7.20000000000000E+01     1.82900000000000E+03
    7.30000000000000E+01     1.77100000000000E+03
    7.40000000000000E+01     1.74500000000000E+03
    7.50000000000000E+01     1.77400000000000E+03
    7.60000000000000E+01     1.85400000000000E+03
    7.70000000000000E+01     1.81000000000000E+03
    7.80000000000000E+01     1.63400000000000E+03
    7.90000000000000E+01     1.52300000000000E+03
    8.00000000000000E+01     1.57900000000000E+03
    8.10000000000000E+01     1.68800000000000E+03
    8.20000000000000E+01     1.85900000000000E+03
    8.30000000000000E+01     1.83800000000000E+03
    8.40000000000000E+01     1.59400000000000E+03
    8.50000000000000E+01     1.52300000000000E+03
    8.60000000000000E+01     1.48500000000000E+03
    8.70000000000000E+01     1.65200000000000E+03
    8.80000000000000E+01     1.77800000000000E+03
    8.90000000000000E+01     1.86200000000000E+03
    9.00000000000000E+01     1.86800000000000E+03
    9.10000000000000E+01     1.80200000000000E+03
    9.20000000000000E+01     1.71400000000000E+03
    9.30000000000000E+01     1.84600000000000E+03
    9.40000000000000E+01     1.66200000000000E+03
    9.50000000000000E+01     1.49300000000000E+03
    9.60000000000000E+01     1.69700000000000E+03
    9.70000000000000E+01     1.90200000000000E+03
    9.80000000000000E+01     1.86100000000000E+03
    9.90000000000000E+01     1.78400000000000E+03
    1.00000000000000E+02     1.88400000000000E+03
    1.01000000000000E+02     2.00700000000000E+03
    1.02000000000000E+02     1.98200000000000E+03
    1.03000000000000E+02     1.86100000000000E+03
    1.04000000000000E+02     2.01900000000000E+03
    1.05000000000000E+02     1.97500000000000E+03
    1.06000000000000E+02     2.05100000000000E+03
    1.07000000000000E+02     2.14900000000000E+03
    1.08000000000000E+02     2.18300000000000E+03
    1.09000000000000E+02     2.36600000000000E+03
    1.10000000000000E+02     2.23900000000000E+03
    1.11000000000000E+02     2.37800000000000E+03
    1.12000000000000E+02     2.34100000000000E+03
    1.13000000000000E+02     2.16900000000000E+03
    1.14000000000000E+02     2.13200000000000E+03
    1.15000000000000E+02     2.19800000000000E+03
    1.16000000000000E+02     2.00200000000000E+03
    1.17000000000000E+02     2.01200000000000E+03
    1.18000000000000E+02     2.11500000000000E+03
    1.19000000000000E+02     2.10500000000000E+03
    1.20000000000000E+02     2.07800000000000E+03
    1.21000000000000E+02     1.96700000000000E+03
    1.22000000000000E+02     2.24000000000000E+03
    1.23000000000000E+02     2.09100000000000E+03
    1.24000000000000E+02     2.03500000000000E+03
    1.25000000000000E+02     1.96000000000000E+03
    1.26000000000000E+02     1.70500000000000E+03
    1.27000000000000E+02     1.03200000000000E+03
    1.28000000000000E+02     1.24500000000000E+03
    1.29000000000000E+02     1.28900000000000E+03
    1.30000000000000E+02     1.45300000000000E+03
    1.31000000000000E+02     1.55800000000000E+03
    1.32000000000000E+02     1.73600000000000E+03
    1.33000000000000E+02     1.62400000000000E+03
    1.34000000000000E+02     1.78400000000000E+03
    1.35000000000000E+02     1.91600000000000E+03
    1.36000000000000E+02     1.76500000000000E+03
    1.37000000000000E+02     2.01000000000000E+03
    1.38000000000000E+02     2.02500000000000E+03
    1.39000000000000E+02     2.19300000000000E+03
    1.40000000000000E+02     2.11700000000000E+03
    1.41000000000000E+02     2.06800000000000E+03
    1.42000000000000E+02     2.02500000000000E+03
    1.43000000000000E+02     1.81600000000000E+03
    1.44000000000000E+02     1.98000000000000E+03
    1.45000000000000E+02     1.71700000000000E+03
    1.46000000000000E+02     1.50000000000000E+03
    1.47000000000000E+02     1.51800000000000E+03
    1.48000000000000E+02     1.71400000000000E+03
    1.49000000000000E+02     1.84000000000000E+03
    1.50000000000000E+02     1.93700000000000E+03
    1.51000000000000E+02     2.18600000000000E+03
    1.52000000000000E+02     2.18200000000000E+03
    1.53000000000000E+02     2.26900000000000E+03
    1.54000000000000E+02     2.27000000000000E+03
    1.55000000000000E+02     2.30400000000000E+03
    1.56000000000000E+02     2.45100000000000E+03
    1.57000000000000E+02     2.52600000000000E+03
    1.58000000000000E+02     2.62700000000000E+03
    1.59000000000000E+02     2.88400000000000E+03
    1.60000000000000E+02     3.16000000000000E+03
    1.61000000000000E+02     3.31400000000000E+03
    1.62000000000000E+02     3.60100000000000E+03
    1.63000000000000E+02     3.76100000000000E+03
    1.64000000000000E+02     3.72300000000000E+03
    1.65000000000000E+02     3.92100000000000E+03
    1.66000000000000E+02     4.10900000000000E+03
    1.67000000000000E+02     4.02700000000000E+03
    1.68000000000000E+02     4.32800000000000E+03
    1.69000000000000E+02     4.57500000000000E+03
    1.70000000000000E+02     4.55900000000000E+03
    1.71000000000000E+02     4.80900000000000E+03
    1.72000000000000E+02     5.18200000000000E+03
    1.73000000000000E+02     5.51700000000000E+03
    1.74000000000000E+02     5.55300000000000E+03
    1.75000000000000E+02     5.91700000000000E+03
    1.76000000000000E+02     6.64000000000000E+03
    1.77000000000000E+02     7.03000000000000E+03
    1.78000000000000E+02     7.63400000000000E+03
    1.79000000000000E+02     7.87200000000000E+03
    1.80000000000000E+02     8.52300000000000E+03
    1.81000000000000E+02     9.11400000000000E+03
