    1.00000000000000E+00     1.44100000000000E+03
    2.00000000000000E+00     1.55100000000000E+03
    3.00000000000000E+00     1.60100000000000E+03
    4.00000000000000E+00     1.67800000000000E+03
    5.00000000000000E+00     1.72800000000000E+03
    6.00000000000000E+00     1.90600000000000E+03
    7.00000000000000E+00     1.76700000000000E+03
    8.00000000000000E+00     1.86200000000000E+03
    9.00000000000000E+00     1.72100000000000E+03
    1.00000000000000E+01     1.77500000000000E+03
    1.10000000000000E+01     1.94200000000000E+03
    1.20000000000000E+01     1.71300000000000E+03
    1.30000000000000E+01     1.63400000000000E+03
    1.40000000000000E+01     1.77100000000000E+03
    1.50000000000000E+01     2.07500000000000E+03
    1.60000000000000E+01     2.29500000000000E+03
    1.70000000000000E+01     2.20300000000000E+03
    1.80000000000000E+01     2.33900000000000E+03
    1.90000000000000E+01     2.24100000000000E+03
    2.00000000000000E+01     2.37300000000000E+03
    2.10000000000000E+01     2.48300000000000E+03
    2.20000000000000E+01     2.54600000000000E+03
    2.30000000000000E+01     2.47300000000000E+03
    2.40000000000000E+01     2.66900000000000E+03
    2.50000000000000E+01     2.68400000000000E+03
    2.60000000000000E+01     2.59300000000000E+03
    2.70000000000000E+01     2.41000000000000E+03
    2.80000000000000E+01     2.26800000000000E+03
    2.90000000000000E+01     2.38900000000000E+03
    3.00000000000000E+01     2.29600000000000E+03
    3.10000000000000E+01     2.41900000000000E+03
    3.20000000000000E+01     2.54000000000000E+03
    3.30000000000000E+01     2.49900000000000E+03
    3.40000000000000E+01     2.45300000000000E+03
    3.50000000000000E+01     2.56400000000000E+03
    3.60000000000000E+01     2.58600000000000E+03
    3.70000000000000E+01     2.86100000000000E+03
    3.80000000000000E+01     3.06300000000000E+03
    3.90000000000000E+01     3.07300000000000E+03
    4.00000000000000E+01     3.16500000000000E+03
    4.10000000000000E+01     3.06700000000000E+03
    4.20000000000000E+01     3.36200000000000E+03
    4.30000000000000E+01     3.54500000000000E+03
    4.40000000000000E+01     3.68300000000000E+03
    4.50000000000000E+01     3.87400000000000E+03
    4.60000000000000E+01     3.97200000000000E+03
    4.70000000000000E+01     4.03000000000000E+03
    4.80000000000000E+01     4.21700000000000E+03
    4.90000000000000E+01     4.45300000000000E+03
    5.00000000000000E+01     4.62400000000000E+03
    5.10000000000000E+01     4.74300000000000E+03
    5.20000000000000E+01     4.88700000000000E+03
    5.30000000000000E+01     4.86000000000000E+03
    5.40000000000000E+01     5.44600000000000E+03
    5.50000000000000E+01     5.73600000000000E+03
    5.60000000000000E+01     5.85700000000000E+03
    5.70000000000000E+01     6.21200000000000E+03
    5.80000000000000E+01     6.47400000000000E+03
    5.90000000000000E+01     7.18100000000000E+03
    6.00000000000000E+01     7.72700000000000E+03
    6.10000000000000E+01     8.23300000000000E+03
    6.20000000000000E+01     8.61300000000000E+03
    6.30000000000000E+01     9.75700000000000E+03
