    1.00000000000000E+00     1.56900000000000E+03
    2.00000000000000E+00     1.71000000000000E+03
    3.00000000000000E+00     1.87700000000000E+03
    4.00000000000000E+00     1.77700000000000E+03
    5.00000000000000E+00     2.02800000000000E+03
    6.00000000000000E+00     2.03900000000000E+03
    7.00000000000000E+00     2.18300000000000E+03
    8.00000000000000E+00     2.21700000000000E+03
    9.00000000000000E+00     2.36500000000000E+03
    1.00000000000000E+01     2.54500000000000E+03
    1.10000000000000E+01     2.71600000000000E+03
    1.20000000000000E+01     2.72500000000000E+03
    1.30000000000000E+01     2.70200000000000E+03
    1.40000000000000E+01     2.61500000000000E+03
    1.50000000000000E+01     2.58100000000000E+03
    1.60000000000000E+01     2.67800000000000E+03
    1.70000000000000E+01     2.88200000000000E+03
    1.80000000000000E+01     2.81200000000000E+03
    1.90000000000000E+01     3.06800000000000E+03
    2.00000000000000E+01     2.84800000000000E+03
    2.10000000000000E+01     2.94400000000000E+03
    2.20000000000000E+01     3.06200000000000E+03
    2.30000000000000E+01     2.92300000000000E+03
    2.40000000000000E+01     3.16000000000000E+03
    2.50000000000000E+01     3.10400000000000E+03
    2.60000000000000E+01     3.26600000000000E+03
    2.70000000000000E+01     3.10800000000000E+03
    2.80000000000000E+01     3.16800000000000E+03
    2.90000000000000E+01     3.09600000000000E+03
    3.00000000000000E+01     3.24500000000000E+03
    3.10000000000000E+01     3.23400000000000E+03
    3.20000000000000E+01     3.44400000000000E+03
    3.30000000000000E+01     3.33200000000000E+03
    3.40000000000000E+01     3.26900000000000E+03
    3.50000000000000E+01     3.50800000000000E+03
    3.60000000000000E+01     3.59900000000000E+03
    3.70000000000000E+01     3.49300000000000E+03
    3.80000000000000E+01     3.56600000000000E+03
    3.90000000000000E+01     3.68400000000000E+03
    4.00000000000000E+01     3.60700000000000E+03
    4.10000000000000E+01     3.73900000000000E+03
    4.20000000000000E+01     3.99900000000000E+03
    4.30000000000000E+01     4.11100000000000E+03
    4.40000000000000E+01     4.09800000000000E+03
    4.50000000000000E+01     4.50700000000000E+03
    4.60000000000000E+01     4.43500000000000E+03
    4.70000000000000E+01     4.88800000000000E+03
    4.80000000000000E+01     5.01700000000000E+03
    4.90000000000000E+01     5.27400000000000E+03
    5.00000000000000E+01     5.43500000000000E+03
    5.10000000000000E+01     6.15300000000000E+03
    5.20000000000000E+01     6.31300000000000E+03
    5.30000000000000E+01     6.69700000000000E+03
    5.40000000000000E+01     6.96300000000000E+03
    5.50000000000000E+01     7.01700000000000E+03
    5.60000000000000E+01     7.73100000000000E+03
    5.70000000000000E+01     8.41700000000000E+03
    5.80000000000000E+01     8.88000000000000E+03
    5.90000000000000E+01     9.40200000000000E+03
