    1.00000000000000E+00     2.08100000000000E+03
    2.00000000000000E+00     2.18100000000000E+03
    3.00000000000000E+00     2.31900000000000E+03
    4.00000000000000E+00     2.50400000000000E+03
    5.00000000000000E+00     2.47400000000000E+03
    6.00000000000000E+00     2.36400000000000E+03
    7.00000000000000E+00     2.32700000000000E+03
    8.00000000000000E+00     2.48100000000000E+03
    9.00000000000000E+00     2.47500000000000E+03
    1.00000000000000E+01     2.37800000000000E+03
    1.10000000000000E+01     2.36300000000000E+03
    1.20000000000000E+01     2.41200000000000E+03
    1.30000000000000E+01     2.40200000000000E+03
    1.40000000000000E+01     2.39100000000000E+03
    1.50000000000000E+01     2.47500000000000E+03
    1.60000000000000E+01     2.51200000000000E+03
    1.70000000000000E+01     2.65000000000000E+03
    1.80000000000000E+01     2.49900000000000E+03
    1.90000000000000E+01     2.49700000000000E+03
    2.00000000000000E+01     2.47800000000000E+03
    2.10000000000000E+01     2.30000000000000E+03
    2.20000000000000E+01     2.05300000000000E+03
    2.30000000000000E+01     2.15100000000000E+03
    2.40000000000000E+01     2.31000000000000E+03
    2.50000000000000E+01     2.61700000000000E+03
    2.60000000000000E+01     2.52500000000000E+03
    2.70000000000000E+01     2.38300000000000E+03
    2.80000000000000E+01     2.34700000000000E+03
    2.90000000000000E+01     2.54500000000000E+03
    3.00000000000000E+01     2.44200000000000E+03
    3.10000000000000E+01     2.44600000000000E+03
    3.20000000000000E+01     2.52400000000000E+03
    3.30000000000000E+01     2.56900000000000E+03
    3.40000000000000E+01     2.43900000000000E+03
    3.50000000000000E+01     2.39300000000000E+03
    3.60000000000000E+01     2.42900000000000E+03
    3.70000000000000E+01     2.27700000000000E+03
    3.80000000000000E+01     2.15500000000000E+03
    3.90000000000000E+01     2.23200000000000E+03
    4.00000000000000E+01     2.35700000000000E+03
    4.10000000000000E+01     2.40400000000000E+03
    4.20000000000000E+01     2.21500000000000E+03
    4.30000000000000E+01     2.03700000000000E+03
    4.40000000000000E+01     2.19400000000000E+03
    4.50000000000000E+01     2.21000000000000E+03
    4.60000000000000E+01     2.39900000000000E+03
    4.70000000000000E+01     2.43300000000000E+03
    4.80000000000000E+01     2.38500000000000E+03
    4.90000000000000E+01     2.51500000000000E+03
    5.00000000000000E+01     2.56800000000000E+03
    5.10000000000000E+01     2.37700000000000E+03
    5.20000000000000E+01     2.40300000000000E+03
    5.30000000000000E+01     2.24200000000000E+03
    5.40000000000000E+01     2.04600000000000E+03
    5.50000000000000E+01     2.12400000000000E+03
    5.60000000000000E+01     2.11000000000000E+03
    5.70000000000000E+01     2.31600000000000E+03
    5.80000000000000E+01     2.56400000000000E+03
    5.90000000000000E+01     2.48800000000000E+03
    6.00000000000000E+01     2.59300000000000E+03
    6.10000000000000E+01     2.41200000000000E+03
    6.20000000000000E+01     2.08600000000000E+03
    6.30000000000000E+01     1.75800000000000E+03
    6.40000000000000E+01     1.86200000000000E+03
    6.50000000000000E+01     2.02000000000000E+03
    6.60000000000000E+01     2.26800000000000E+03
    6.70000000000000E+01     2.42400000000000E+03
    6.80000000000000E+01     2.37800000000000E+03
    6.90000000000000E+01     2.37900000000000E+03
    7.00000000000000E+01     2.53300000000000E+03
    7.10000000000000E+01     2.45900000000000E+03
    7.20000000000000E+01     2.39900000000000E+03
    7.30000000000000E+01     2.36000000000000E+03
    7.40000000000000E+01     2.23300000000000E+03
    7.50000000000000E+01     2.46100000000000E+03
    7.60000000000000E+01     2.23300000000000E+03
    7.70000000000000E+01     2.36900000000000E+03
    7.80000000000000E+01     2.31800000000000E+03
    7.90000000000000E+01     2.47200000000000E+03
    8.00000000000000E+01     2.44400000000000E+03
    8.10000000000000E+01     2.41100000000000E+03
    8.20000000000000E+01     2.37300000000000E+03
    8.30000000000000E+01     2.28800000000000E+03
    8.40000000000000E+01     2.40900000000000E+03
    8.50000000000000E+01     2.30600000000000E+03
    8.60000000000000E+01     2.35600000000000E+03
    8.70000000000000E+01     2.39100000000000E+03
    8.80000000000000E+01     2.35100000000000E+03
    8.90000000000000E+01     2.67400000000000E+03
    9.00000000000000E+01     2.74900000000000E+03
    9.10000000000000E+01     2.62100000000000E+03
    9.20000000000000E+01     2.70900000000000E+03
    9.30000000000000E+01     2.76100000000000E+03
    9.40000000000000E+01     2.73500000000000E+03
    9.50000000000000E+01     2.52800000000000E+03
    9.60000000000000E+01     2.57800000000000E+03
    9.70000000000000E+01     2.57400000000000E+03
    9.80000000000000E+01     2.61600000000000E+03
    9.90000000000000E+01     2.59600000000000E+03
    1.00000000000000E+02     2.78100000000000E+03
    1.01000000000000E+02     2.44000000000000E+03
    1.02000000000000E+02     2.40300000000000E+03
    1.03000000000000E+02     2.45000000000000E+03
    1.04000000000000E+02     2.38700000000000E+03
    1.05000000000000E+02     2.18100000000000E+03
    1.06000000000000E+02     1.95200000000000E+03
    1.07000000000000E+02     1.95700000000000E+03
    1.08000000000000E+02     2.08600000000000E+03
    1.09000000000000E+02     2.17900000000000E+03
    1.10000000000000E+02     2.36100000000000E+03
    1.11000000000000E+02     2.59000000000000E+03
    1.12000000000000E+02     2.34700000000000E+03
    1.13000000000000E+02     2.60100000000000E+03
    1.14000000000000E+02     2.34600000000000E+03
    1.15000000000000E+02     2.62600000000000E+03
    1.16000000000000E+02     2.37900000000000E+03
    1.17000000000000E+02     2.61400000000000E+03
    1.18000000000000E+02     2.52900000000000E+03
    1.19000000000000E+02     2.39200000000000E+03
    1.20000000000000E+02     2.24300000000000E+03
    1.21000000000000E+02     2.37400000000000E+03
    1.22000000000000E+02     2.44300000000000E+03
    1.23000000000000E+02     2.16700000000000E+03
    1.24000000000000E+02     2.04000000000000E+03
    1.25000000000000E+02     2.23200000000000E+03
    1.26000000000000E+02     2.20900000000000E+03
    1.27000000000000E+02     2.41600000000000E+03
    1.28000000000000E+02     2.55700000000000E+03
    1.29000000000000E+02     2.37300000000000E+03
    1.30000000000000E+02     2.46500000000000E+03
    1.31000000000000E+02     2.54200000000000E+03
    1.32000000000000E+02     2.47100000000000E+03
    1.33000000000000E+02     2.68900000000000E+03
    1.34000000000000E+02     2.72200000000000E+03
    1.35000000000000E+02     2.66700000000000E+03
    1.36000000000000E+02     2.64300000000000E+03
    1.37000000000000E+02     2.77500000000000E+03
    1.38000000000000E+02     2.74600000000000E+03
    1.39000000000000E+02     2.89000000000000E+03
    1.40000000000000E+02     2.77600000000000E+03
    1.41000000000000E+02     2.83700000000000E+03
    1.42000000000000E+02     2.91900000000000E+03
    1.43000000000000E+02     2.75700000000000E+03
    1.44000000000000E+02     2.70600000000000E+03
    1.45000000000000E+02     2.91600000000000E+03
    1.46000000000000E+02     2.85300000000000E+03
    1.47000000000000E+02     2.73400000000000E+03
    1.48000000000000E+02     2.74400000000000E+03
    1.49000000000000E+02     2.81200000000000E+03
    1.50000000000000E+02     2.83000000000000E+03
    1.51000000000000E+02     2.76000000000000E+03
    1.52000000000000E+02     2.54500000000000E+03
    1.53000000000000E+02     2.43700000000000E+03
    1.54000000000000E+02     2.38900000000000E+03
    1.55000000000000E+02     1.60400000000000E+03
    1.56000000000000E+02     1.74500000000000E+03
    1.57000000000000E+02     1.85200000000000E+03
    1.58000000000000E+02     1.89600000000000E+03
    1.59000000000000E+02     1.93600000000000E+03
    1.60000000000000E+02     1.99100000000000E+03
    1.61000000000000E+02     2.11700000000000E+03
    1.62000000000000E+02     2.24800000000000E+03
    1.63000000000000E+02     2.33100000000000E+03
    1.64000000000000E+02     2.54400000000000E+03
    1.65000000000000E+02     2.37100000000000E+03
    1.66000000000000E+02     2.60500000000000E+03
    1.67000000000000E+02     2.50100000000000E+03
    1.68000000000000E+02     2.77200000000000E+03
    1.69000000000000E+02     2.88200000000000E+03
    1.70000000000000E+02     2.83000000000000E+03
    1.71000000000000E+02     2.83400000000000E+03
    1.72000000000000E+02     2.63100000000000E+03
    1.73000000000000E+02     2.31100000000000E+03
    1.74000000000000E+02     2.22600000000000E+03
    1.75000000000000E+02     2.40600000000000E+03
    1.76000000000000E+02     2.13300000000000E+03
    1.77000000000000E+02     1.84700000000000E+03
    1.78000000000000E+02     2.02900000000000E+03
    1.79000000000000E+02     2.07000000000000E+03
    1.80000000000000E+02     2.18100000000000E+03
    1.81000000000000E+02     2.45000000000000E+03
    1.82000000000000E+02     2.14300000000000E+03
    1.83000000000000E+02     1.97400000000000E+03
    1.84000000000000E+02     1.92100000000000E+03
    1.85000000000000E+02     2.05500000000000E+03
    1.86000000000000E+02     2.20800000000000E+03
    1.87000000000000E+02     2.28600000000000E+03
    1.88000000000000E+02     2.53600000000000E+03
    1.89000000000000E+02     2.47600000000000E+03
    1.90000000000000E+02     2.36500000000000E+03
    1.91000000000000E+02     2.45800000000000E+03
    1.92000000000000E+02     2.37000000000000E+03
    1.93000000000000E+02     2.49100000000000E+03
    1.94000000000000E+02     2.40600000000000E+03
    1.95000000000000E+02     2.27100000000000E+03
    1.96000000000000E+02     2.33600000000000E+03
    1.97000000000000E+02     2.54900000000000E+03
    1.98000000000000E+02     2.33200000000000E+03
    1.99000000000000E+02     2.32000000000000E+03
    2.00000000000000E+02     2.45600000000000E+03
    2.01000000000000E+02     2.30500000000000E+03
    2.02000000000000E+02     2.44200000000000E+03
    2.03000000000000E+02     2.08700000000000E+03
    2.04000000000000E+02     1.92000000000000E+03
    2.05000000000000E+02     2.01800000000000E+03
    2.06000000000000E+02     2.11000000000000E+03
    2.07000000000000E+02     2.20600000000000E+03
    2.08000000000000E+02     2.32900000000000E+03
    2.09000000000000E+02     2.35300000000000E+03
    2.10000000000000E+02     2.40900000000000E+03
    2.11000000000000E+02     2.40100000000000E+03
    2.12000000000000E+02     2.49800000000000E+03
    2.13000000000000E+02     2.34400000000000E+03
    2.14000000000000E+02     2.34000000000000E+03
    2.15000000000000E+02     2.29200000000000E+03
    2.16000000000000E+02     2.39600000000000E+03
    2.17000000000000E+02     2.45400000000000E+03
    2.18000000000000E+02     2.35200000000000E+03
    2.19000000000000E+02     2.51100000000000E+03
    2.20000000000000E+02     2.41400000000000E+03
    2.21000000000000E+02     2.39800000000000E+03
    2.22000000000000E+02     2.40800000000000E+03
    2.23000000000000E+02     2.26000000000000E+03
    2.24000000000000E+02     1.89100000000000E+03
    2.25000000000000E+02     2.04900000000000E+03
    2.26000000000000E+02     2.17300000000000E+03
    2.27000000000000E+02     2.19500000000000E+03
    2.28000000000000E+02     2.31100000000000E+03
    2.29000000000000E+02     2.57600000000000E+03
    2.30000000000000E+02     2.53900000000000E+03
    2.31000000000000E+02     2.95600000000000E+03
    2.32000000000000E+02     3.07600000000000E+03
    2.33000000000000E+02     3.13400000000000E+03
    2.34000000000000E+02     3.16800000000000E+03
    2.35000000000000E+02     3.31100000000000E+03
    2.36000000000000E+02     3.28600000000000E+03
    2.37000000000000E+02     3.32600000000000E+03
    2.38000000000000E+02     3.45900000000000E+03
    2.39000000000000E+02     3.48500000000000E+03
    2.40000000000000E+02     3.58700000000000E+03
    2.41000000000000E+02     3.54200000000000E+03
    2.42000000000000E+02     3.63600000000000E+03
    2.43000000000000E+02     3.76400000000000E+03
    2.44000000000000E+02     3.68400000000000E+03
    2.45000000000000E+02     3.60400000000000E+03
    2.46000000000000E+02     3.59100000000000E+03
    2.47000000000000E+02     3.76000000000000E+03
    2.48000000000000E+02     3.60900000000000E+03
    2.49000000000000E+02     3.54700000000000E+03
    2.50000000000000E+02     3.59700000000000E+03
    2.51000000000000E+02     3.63400000000000E+03
    2.52000000000000E+02     3.90900000000000E+03
    2.53000000000000E+02     4.01000000000000E+03
    2.54000000000000E+02     4.13200000000000E+03
    2.55000000000000E+02     4.23700000000000E+03
    2.56000000000000E+02     4.58400000000000E+03
    2.57000000000000E+02     4.56600000000000E+03
    2.58000000000000E+02     5.00000000000000E+03
    2.59000000000000E+02     5.01000000000000E+03
    2.60000000000000E+02     5.30400000000000E+03
    2.61000000000000E+02     5.51900000000000E+03
    2.62000000000000E+02     5.70400000000000E+03
    2.63000000000000E+02     5.95700000000000E+03
    2.64000000000000E+02     5.96400000000000E+03
    2.65000000000000E+02     6.10500000000000E+03
    2.66000000000000E+02     6.25500000000000E+03
    2.67000000000000E+02     6.63000000000000E+03
    2.68000000000000E+02     7.08500000000000E+03
    2.69000000000000E+02     7.62000000000000E+03
    2.70000000000000E+02     8.19200000000000E+03
    2.71000000000000E+02     8.89900000000000E+03
    2.72000000000000E+02     9.63600000000000E+03
    2.73000000000000E+02     1.05310000000000E+04
    2.74000000000000E+02     1.12880000000000E+04
    2.75000000000000E+02     1.22410000000000E+04
