    1.00000000000000E+00     1.91600000000000E+03
    2.00000000000000E+00     1.99000000000000E+03
    3.00000000000000E+00     2.09100000000000E+03
    4.00000000000000E+00     2.21100000000000E+03
    5.00000000000000E+00     2.28400000000000E+03
    6.00000000000000E+00     2.27600000000000E+03
    7.00000000000000E+00     2.57500000000000E+03
    8.00000000000000E+00     2.69300000000000E+03
    9.00000000000000E+00     2.84900000000000E+03
    1.00000000000000E+01     3.26400000000000E+03
    1.10000000000000E+01     3.04900000000000E+03
    1.20000000000000E+01     3.12600000000000E+03
    1.30000000000000E+01     2.84200000000000E+03
    1.40000000000000E+01     3.02100000000000E+03
    1.50000000000000E+01     2.99600000000000E+03
    1.60000000000000E+01     3.09700000000000E+03
    1.70000000000000E+01     3.05600000000000E+03
    1.80000000000000E+01     2.73500000000000E+03
    1.90000000000000E+01     2.75600000000000E+03
    2.00000000000000E+01     2.69600000000000E+03
    2.10000000000000E+01     2.56800000000000E+03
    2.20000000000000E+01     2.42900000000000E+03
    2.30000000000000E+01     2.48100000000000E+03
    2.40000000000000E+01     2.37900000000000E+03
    2.50000000000000E+01     2.15700000000000E+03
    2.60000000000000E+01     1.99500000000000E+03
    2.70000000000000E+01     2.09600000000000E+03
    2.80000000000000E+01     2.11000000000000E+03
    2.90000000000000E+01     2.16700000000000E+03
    3.00000000000000E+01     2.40700000000000E+03
    3.10000000000000E+01     2.42700000000000E+03
    3.20000000000000E+01     2.44900000000000E+03
    3.30000000000000E+01     2.51600000000000E+03
    3.40000000000000E+01     2.40800000000000E+03
    3.50000000000000E+01     2.24000000000000E+03
    3.60000000000000E+01     2.33400000000000E+03
    3.70000000000000E+01     2.40200000000000E+03
    3.80000000000000E+01     2.49600000000000E+03
    3.90000000000000E+01     2.37100000000000E+03
    4.00000000000000E+01     2.44200000000000E+03
    4.10000000000000E+01     2.47200000000000E+03
    4.20000000000000E+01     2.48500000000000E+03
    4.30000000000000E+01     2.44500000000000E+03
    4.40000000000000E+01     2.08200000000000E+03
    4.50000000000000E+01     2.00500000000000E+03
    4.60000000000000E+01     1.95700000000000E+03
    4.70000000000000E+01     1.77000000000000E+03
    4.80000000000000E+01     1.85800000000000E+03
    4.90000000000000E+01     2.05400000000000E+03
    5.00000000000000E+01     2.27900000000000E+03
    5.10000000000000E+01     2.39600000000000E+03
    5.20000000000000E+01     2.41300000000000E+03
    5.30000000000000E+01     2.47300000000000E+03
    5.40000000000000E+01     2.58700000000000E+03
    5.50000000000000E+01     2.41000000000000E+03
    5.60000000000000E+01     2.52400000000000E+03
    5.70000000000000E+01     2.30000000000000E+03
    5.80000000000000E+01     1.94000000000000E+03
    5.90000000000000E+01     1.86900000000000E+03
    6.00000000000000E+01     2.00300000000000E+03
    6.10000000000000E+01     2.09100000000000E+03
    6.20000000000000E+01     2.34700000000000E+03
    6.30000000000000E+01     2.29300000000000E+03
    6.40000000000000E+01     2.49500000000000E+03
    6.50000000000000E+01     2.32900000000000E+03
    6.60000000000000E+01     2.40400000000000E+03
    6.70000000000000E+01     2.16000000000000E+03
    6.80000000000000E+01     2.18500000000000E+03
    6.90000000000000E+01     2.37000000000000E+03
    7.00000000000000E+01     2.20400000000000E+03
    7.10000000000000E+01     2.41300000000000E+03
    7.20000000000000E+01     2.28600000000000E+03
    7.30000000000000E+01     2.44800000000000E+03
    7.40000000000000E+01     2.25800000000000E+03
    7.50000000000000E+01     2.24700000000000E+03
    7.60000000000000E+01     2.37800000000000E+03
    7.70000000000000E+01     2.31400000000000E+03
    7.80000000000000E+01     2.48900000000000E+03
    7.90000000000000E+01     2.36800000000000E+03
    8.00000000000000E+01     2.36800000000000E+03
    8.10000000000000E+01     2.42100000000000E+03
    8.20000000000000E+01     2.14200000000000E+03
    8.30000000000000E+01     2.03300000000000E+03
    8.40000000000000E+01     2.18800000000000E+03
    8.50000000000000E+01     2.14400000000000E+03
    8.60000000000000E+01     2.18600000000000E+03
    8.70000000000000E+01     2.33700000000000E+03
    8.80000000000000E+01     2.32400000000000E+03
    8.90000000000000E+01     2.48000000000000E+03
    9.00000000000000E+01     2.05500000000000E+03
    9.10000000000000E+01     1.94800000000000E+03
    9.20000000000000E+01     1.99000000000000E+03
    9.30000000000000E+01     1.98000000000000E+03
    9.40000000000000E+01     2.10500000000000E+03
    9.50000000000000E+01     2.25100000000000E+03
    9.60000000000000E+01     2.39200000000000E+03
    9.70000000000000E+01     2.14200000000000E+03
    9.80000000000000E+01     2.23500000000000E+03
    9.90000000000000E+01     2.45000000000000E+03
    1.00000000000000E+02     2.30100000000000E+03
    1.01000000000000E+02     2.22300000000000E+03
    1.02000000000000E+02     2.22300000000000E+03
    1.03000000000000E+02     2.40500000000000E+03
    1.04000000000000E+02     2.23400000000000E+03
    1.05000000000000E+02     2.13700000000000E+03
    1.06000000000000E+02     2.43200000000000E+03
    1.07000000000000E+02     2.41000000000000E+03
    1.08000000000000E+02     2.20700000000000E+03
    1.09000000000000E+02     2.17800000000000E+03
    1.10000000000000E+02     2.19500000000000E+03
    1.11000000000000E+02     2.20300000000000E+03
    1.12000000000000E+02     2.50400000000000E+03
    1.13000000000000E+02     2.42300000000000E+03
    1.14000000000000E+02     2.60700000000000E+03
    1.15000000000000E+02     2.34200000000000E+03
    1.16000000000000E+02     2.48900000000000E+03
    1.17000000000000E+02     2.34200000000000E+03
    1.18000000000000E+02     2.25800000000000E+03
    1.19000000000000E+02     2.42800000000000E+03
    1.20000000000000E+02     2.30700000000000E+03
    1.21000000000000E+02     2.41400000000000E+03
    1.22000000000000E+02     2.40200000000000E+03
    1.23000000000000E+02     2.16900000000000E+03
    1.24000000000000E+02     2.28300000000000E+03
    1.25000000000000E+02     2.40000000000000E+03
    1.26000000000000E+02     2.10800000000000E+03
    1.27000000000000E+02     2.10600000000000E+03
    1.28000000000000E+02     2.24900000000000E+03
    1.29000000000000E+02     2.55500000000000E+03
    1.30000000000000E+02     2.25100000000000E+03
    1.31000000000000E+02     2.32800000000000E+03
    1.32000000000000E+02     2.44100000000000E+03
    1.33000000000000E+02     2.27300000000000E+03
    1.34000000000000E+02     2.29700000000000E+03
    1.35000000000000E+02     2.51300000000000E+03
    1.36000000000000E+02     2.52900000000000E+03
    1.37000000000000E+02     2.37100000000000E+03
    1.38000000000000E+02     2.47800000000000E+03
    1.39000000000000E+02     2.22500000000000E+03
    1.40000000000000E+02     2.35100000000000E+03
    1.41000000000000E+02     2.49400000000000E+03
    1.42000000000000E+02     2.32600000000000E+03
    1.43000000000000E+02     2.32700000000000E+03
    1.44000000000000E+02     2.48400000000000E+03
    1.45000000000000E+02     2.59500000000000E+03
    1.46000000000000E+02     2.39300000000000E+03
    1.47000000000000E+02     2.46900000000000E+03
    1.48000000000000E+02     2.63600000000000E+03
    1.49000000000000E+02     2.42100000000000E+03
    1.50000000000000E+02     2.46800000000000E+03
    1.51000000000000E+02     2.46000000000000E+03
    1.52000000000000E+02     2.25900000000000E+03
    1.53000000000000E+02     2.13500000000000E+03
    1.54000000000000E+02     2.34500000000000E+03
    1.55000000000000E+02     2.23900000000000E+03
    1.56000000000000E+02     2.36100000000000E+03
    1.57000000000000E+02     2.35600000000000E+03
    1.58000000000000E+02     2.41300000000000E+03
    1.59000000000000E+02     2.32400000000000E+03
    1.60000000000000E+02     2.23400000000000E+03
    1.61000000000000E+02     2.25300000000000E+03
    1.62000000000000E+02     2.34700000000000E+03
    1.63000000000000E+02     2.51200000000000E+03
    1.64000000000000E+02     2.40500000000000E+03
    1.65000000000000E+02     2.32200000000000E+03
    1.66000000000000E+02     2.34200000000000E+03
    1.67000000000000E+02     2.43200000000000E+03
    1.68000000000000E+02     2.46100000000000E+03
    1.69000000000000E+02     2.53400000000000E+03
    1.70000000000000E+02     2.52100000000000E+03
    1.71000000000000E+02     2.77200000000000E+03
    1.72000000000000E+02     2.69200000000000E+03
    1.73000000000000E+02     2.40100000000000E+03
    1.74000000000000E+02     2.22000000000000E+03
    1.75000000000000E+02     2.04400000000000E+03
    1.76000000000000E+02     2.16700000000000E+03
    1.77000000000000E+02     2.26400000000000E+03
    1.78000000000000E+02     2.33700000000000E+03
    1.79000000000000E+02     2.46500000000000E+03
    1.80000000000000E+02     2.39100000000000E+03
    1.81000000000000E+02     2.45800000000000E+03
    1.82000000000000E+02     2.42800000000000E+03
    1.83000000000000E+02     2.25800000000000E+03
    1.84000000000000E+02     2.28000000000000E+03
    1.85000000000000E+02     2.45200000000000E+03
    1.86000000000000E+02     2.25400000000000E+03
    1.87000000000000E+02     2.50300000000000E+03
    1.88000000000000E+02     2.29200000000000E+03
    1.89000000000000E+02     2.33500000000000E+03
    1.90000000000000E+02     2.37800000000000E+03
    1.91000000000000E+02     2.48900000000000E+03
    1.92000000000000E+02     2.61100000000000E+03
    1.93000000000000E+02     2.35000000000000E+03
    1.94000000000000E+02     2.50800000000000E+03
    1.95000000000000E+02     2.50300000000000E+03
    1.96000000000000E+02     2.38300000000000E+03
    1.97000000000000E+02     2.35700000000000E+03
    1.98000000000000E+02     2.47500000000000E+03
    1.99000000000000E+02     2.19400000000000E+03
    2.00000000000000E+02     2.17500000000000E+03
    2.01000000000000E+02     2.16400000000000E+03
    2.02000000000000E+02     2.25900000000000E+03
    2.03000000000000E+02     2.26600000000000E+03
    2.04000000000000E+02     2.51900000000000E+03
    2.05000000000000E+02     2.43300000000000E+03
    2.06000000000000E+02     2.34300000000000E+03
    2.07000000000000E+02     2.36000000000000E+03
    2.08000000000000E+02     2.58400000000000E+03
    2.09000000000000E+02     2.56300000000000E+03
    2.10000000000000E+02     2.42300000000000E+03
    2.11000000000000E+02     2.58700000000000E+03
    2.12000000000000E+02     2.57600000000000E+03
    2.13000000000000E+02     2.58300000000000E+03
    2.14000000000000E+02     2.38900000000000E+03
    2.15000000000000E+02     2.43200000000000E+03
    2.16000000000000E+02     2.40700000000000E+03
    2.17000000000000E+02     2.25000000000000E+03
    2.18000000000000E+02     2.17300000000000E+03
    2.19000000000000E+02     2.36200000000000E+03
    2.20000000000000E+02     2.17300000000000E+03
    2.21000000000000E+02     2.24100000000000E+03
    2.22000000000000E+02     2.44900000000000E+03
    2.23000000000000E+02     2.18500000000000E+03
    2.24000000000000E+02     2.28900000000000E+03
    2.25000000000000E+02     2.32400000000000E+03
    2.26000000000000E+02     2.32200000000000E+03
    2.27000000000000E+02     2.40100000000000E+03
    2.28000000000000E+02     2.32200000000000E+03
    2.29000000000000E+02     2.28700000000000E+03
    2.30000000000000E+02     2.24700000000000E+03
    2.31000000000000E+02     2.30800000000000E+03
    2.32000000000000E+02     2.55000000000000E+03
    2.33000000000000E+02     2.51800000000000E+03
    2.34000000000000E+02     2.35200000000000E+03
    2.35000000000000E+02     2.23300000000000E+03
    2.36000000000000E+02     2.22200000000000E+03
    2.37000000000000E+02     2.32600000000000E+03
    2.38000000000000E+02     2.31900000000000E+03
    2.39000000000000E+02     2.46300000000000E+03
    2.40000000000000E+02     2.34800000000000E+03
    2.41000000000000E+02     2.57500000000000E+03
    2.42000000000000E+02     2.30600000000000E+03
    2.43000000000000E+02     2.53700000000000E+03
    2.44000000000000E+02     2.52600000000000E+03
    2.45000000000000E+02     2.51700000000000E+03
    2.46000000000000E+02     2.63700000000000E+03
    2.47000000000000E+02     2.44400000000000E+03
    2.48000000000000E+02     2.32800000000000E+03
    2.49000000000000E+02     1.91900000000000E+03
    2.50000000000000E+02     1.80500000000000E+03
    2.51000000000000E+02     1.82100000000000E+03
    2.52000000000000E+02     2.15600000000000E+03
    2.53000000000000E+02     2.24800000000000E+03
    2.54000000000000E+02     2.48900000000000E+03
    2.55000000000000E+02     2.36500000000000E+03
    2.56000000000000E+02     2.64100000000000E+03
    2.57000000000000E+02     2.48100000000000E+03
    2.58000000000000E+02     2.45000000000000E+03
    2.59000000000000E+02     2.45400000000000E+03
    2.60000000000000E+02     2.52700000000000E+03
    2.61000000000000E+02     2.57200000000000E+03
    2.62000000000000E+02     2.46700000000000E+03
    2.63000000000000E+02     2.24400000000000E+03
    2.64000000000000E+02     2.06700000000000E+03
    2.65000000000000E+02     2.07600000000000E+03
    2.66000000000000E+02     2.33000000000000E+03
    2.67000000000000E+02     2.47700000000000E+03
    2.68000000000000E+02     2.25900000000000E+03
    2.69000000000000E+02     2.32200000000000E+03
    2.70000000000000E+02     2.41100000000000E+03
    2.71000000000000E+02     2.40300000000000E+03
    2.72000000000000E+02     2.41500000000000E+03
    2.73000000000000E+02     2.41000000000000E+03
    2.74000000000000E+02     2.48600000000000E+03
    2.75000000000000E+02     2.42100000000000E+03
    2.76000000000000E+02     2.28200000000000E+03
    2.77000000000000E+02     2.13300000000000E+03
    2.78000000000000E+02     2.24500000000000E+03
    2.79000000000000E+02     2.20100000000000E+03
    2.80000000000000E+02     2.28700000000000E+03
    2.81000000000000E+02     2.26400000000000E+03
    2.82000000000000E+02     2.68300000000000E+03
    2.83000000000000E+02     2.41400000000000E+03
    2.84000000000000E+02     2.49400000000000E+03
    2.85000000000000E+02     2.34300000000000E+03
    2.86000000000000E+02     2.56300000000000E+03
    2.87000000000000E+02     2.37800000000000E+03
    2.88000000000000E+02     2.38200000000000E+03
    2.89000000000000E+02     2.29300000000000E+03
    2.90000000000000E+02     2.27500000000000E+03
    2.91000000000000E+02     2.35400000000000E+03
    2.92000000000000E+02     2.29100000000000E+03
    2.93000000000000E+02     2.31700000000000E+03
    2.94000000000000E+02     2.28300000000000E+03
    2.95000000000000E+02     2.29300000000000E+03
    2.96000000000000E+02     2.44800000000000E+03
    2.97000000000000E+02     2.35800000000000E+03
    2.98000000000000E+02     2.47600000000000E+03
    2.99000000000000E+02     2.47800000000000E+03
    3.00000000000000E+02     1.98600000000000E+03
    3.01000000000000E+02     1.91700000000000E+03
    3.02000000000000E+02     2.01700000000000E+03
    3.03000000000000E+02     2.13700000000000E+03
    3.04000000000000E+02     2.25900000000000E+03
    3.05000000000000E+02     2.34000000000000E+03
    3.06000000000000E+02     2.40900000000000E+03
    3.07000000000000E+02     2.15600000000000E+03
    3.08000000000000E+02     2.00100000000000E+03
    3.09000000000000E+02     2.26000000000000E+03
    3.10000000000000E+02     2.33700000000000E+03
    3.11000000000000E+02     2.41900000000000E+03
    3.12000000000000E+02     2.40000000000000E+03
    3.13000000000000E+02     2.30000000000000E+03
    3.14000000000000E+02     2.34200000000000E+03
    3.15000000000000E+02     2.20300000000000E+03
    3.16000000000000E+02     2.18400000000000E+03
    3.17000000000000E+02     2.32400000000000E+03
    3.18000000000000E+02     2.43100000000000E+03
    3.19000000000000E+02     2.26800000000000E+03
    3.20000000000000E+02     2.43700000000000E+03
    3.21000000000000E+02     2.37800000000000E+03
    3.22000000000000E+02     2.50500000000000E+03
    3.23000000000000E+02     2.34500000000000E+03
    3.24000000000000E+02     2.26100000000000E+03
    3.25000000000000E+02     2.67900000000000E+03
    3.26000000000000E+02     2.46100000000000E+03
    3.27000000000000E+02     2.30200000000000E+03
    3.28000000000000E+02     2.34900000000000E+03
    3.29000000000000E+02     2.34900000000000E+03
    3.30000000000000E+02     2.38500000000000E+03
    3.31000000000000E+02     2.43900000000000E+03
    3.32000000000000E+02     2.22800000000000E+03
    3.33000000000000E+02     2.33000000000000E+03
    3.34000000000000E+02     2.63100000000000E+03
    3.35000000000000E+02     2.38300000000000E+03
    3.36000000000000E+02     2.56800000000000E+03
    3.37000000000000E+02     2.46600000000000E+03
    3.38000000000000E+02     2.54300000000000E+03
    3.39000000000000E+02     2.41400000000000E+03
    3.40000000000000E+02     2.21400000000000E+03
    3.41000000000000E+02     2.34000000000000E+03
    3.42000000000000E+02     2.17800000000000E+03
    3.43000000000000E+02     2.25900000000000E+03
    3.44000000000000E+02     2.23900000000000E+03
    3.45000000000000E+02     2.26700000000000E+03
    3.46000000000000E+02     2.42900000000000E+03
    3.47000000000000E+02     2.16400000000000E+03
    3.48000000000000E+02     2.28000000000000E+03
    3.49000000000000E+02     2.32900000000000E+03
    3.50000000000000E+02     2.35300000000000E+03
    3.51000000000000E+02     2.50300000000000E+03
    3.52000000000000E+02     2.49300000000000E+03
    3.53000000000000E+02     2.57000000000000E+03
    3.54000000000000E+02     2.46600000000000E+03
    3.55000000000000E+02     2.33200000000000E+03
    3.56000000000000E+02     2.29500000000000E+03
    3.57000000000000E+02     2.38800000000000E+03
    3.58000000000000E+02     2.34300000000000E+03
    3.59000000000000E+02     2.21100000000000E+03
    3.60000000000000E+02     2.32700000000000E+03
    3.61000000000000E+02     2.33500000000000E+03
    3.62000000000000E+02     2.26700000000000E+03
    3.63000000000000E+02     2.35800000000000E+03
    3.64000000000000E+02     2.60700000000000E+03
    3.65000000000000E+02     2.47800000000000E+03
    3.66000000000000E+02     2.28600000000000E+03
    3.67000000000000E+02     2.39300000000000E+03
    3.68000000000000E+02     2.40100000000000E+03
    3.69000000000000E+02     2.36400000000000E+03
    3.70000000000000E+02     2.44400000000000E+03
    3.71000000000000E+02     2.39200000000000E+03
    3.72000000000000E+02     2.41100000000000E+03
    3.73000000000000E+02     2.24000000000000E+03
    3.74000000000000E+02     2.21600000000000E+03
    3.75000000000000E+02     2.14900000000000E+03
    3.76000000000000E+02     2.39100000000000E+03
    3.77000000000000E+02     2.31400000000000E+03
    3.78000000000000E+02     2.68100000000000E+03
    3.79000000000000E+02     2.82000000000000E+03
    3.80000000000000E+02     2.68000000000000E+03
    3.81000000000000E+02     2.84300000000000E+03
    3.82000000000000E+02     2.92900000000000E+03
    3.83000000000000E+02     2.88700000000000E+03
    3.84000000000000E+02     2.90100000000000E+03
    3.85000000000000E+02     3.09800000000000E+03
    3.86000000000000E+02     3.17000000000000E+03
    3.87000000000000E+02     3.10400000000000E+03
    3.88000000000000E+02     3.26300000000000E+03
    3.89000000000000E+02     3.47900000000000E+03
    3.90000000000000E+02     3.44400000000000E+03
    3.91000000000000E+02     3.43400000000000E+03
    3.92000000000000E+02     3.40900000000000E+03
    3.93000000000000E+02     3.45500000000000E+03
    3.94000000000000E+02     3.52600000000000E+03
    3.95000000000000E+02     3.47400000000000E+03
    3.96000000000000E+02     3.50000000000000E+03
    3.97000000000000E+02     3.63300000000000E+03
    3.98000000000000E+02     3.41200000000000E+03
    3.99000000000000E+02     3.47400000000000E+03
    4.00000000000000E+02     3.43900000000000E+03
    4.01000000000000E+02     3.47300000000000E+03
    4.02000000000000E+02     3.30500000000000E+03
    4.03000000000000E+02     3.58400000000000E+03
    4.04000000000000E+02     3.66000000000000E+03
    4.05000000000000E+02     3.73000000000000E+03
    4.06000000000000E+02     3.93100000000000E+03
    4.07000000000000E+02     3.86400000000000E+03
    4.08000000000000E+02     4.00300000000000E+03
    4.09000000000000E+02     4.10700000000000E+03
    4.10000000000000E+02     4.13800000000000E+03
    4.11000000000000E+02     4.25100000000000E+03
    4.12000000000000E+02     4.38700000000000E+03
    4.13000000000000E+02     4.25800000000000E+03
    4.14000000000000E+02     4.50500000000000E+03
    4.15000000000000E+02     4.69900000000000E+03
    4.16000000000000E+02     5.01900000000000E+03
    4.17000000000000E+02     5.38600000000000E+03
    4.18000000000000E+02     5.45100000000000E+03
    4.19000000000000E+02     5.61000000000000E+03
    4.20000000000000E+02     6.05900000000000E+03
    4.21000000000000E+02     6.14600000000000E+03
    4.22000000000000E+02     6.29300000000000E+03
    4.23000000000000E+02     6.53100000000000E+03
    4.24000000000000E+02     6.98600000000000E+03
    4.25000000000000E+02     7.35500000000000E+03
    4.26000000000000E+02     7.33900000000000E+03
    4.27000000000000E+02     7.53900000000000E+03
    4.28000000000000E+02     8.26700000000000E+03
    4.29000000000000E+02     8.46800000000000E+03
    4.30000000000000E+02     9.11000000000000E+03
    4.31000000000000E+02     9.78200000000000E+03
    4.32000000000000E+02     1.03680000000000E+04
    4.33000000000000E+02     1.12170000000000E+04
    4.34000000000000E+02     1.20970000000000E+04
