    1.00000000000000E+00     7.99000000000000E+02
    2.00000000000000E+00     8.91000000000000E+02
    3.00000000000000E+00     8.97000000000000E+02
    4.00000000000000E+00     9.06000000000000E+02
    5.00000000000000E+00     7.97000000000000E+02
    6.00000000000000E+00     7.18000000000000E+02
    7.00000000000000E+00     6.87000000000000E+02
    8.00000000000000E+00     7.82000000000000E+02
    9.00000000000000E+00     9.47000000000000E+02
    1.00000000000000E+01     6.19000000000000E+02
    1.10000000000000E+01     5.56000000000000E+02
    1.20000000000000E+01     6.17000000000000E+02
    1.30000000000000E+01     6.58000000000000E+02
    1.40000000000000E+01     6.90000000000000E+02
    1.50000000000000E+01     7.67000000000000E+02
    1.60000000000000E+01     8.93000000000000E+02
    1.70000000000000E+01     8.02000000000000E+02
    1.80000000000000E+01     8.73000000000000E+02
    1.90000000000000E+01     9.77000000000000E+02
    2.00000000000000E+01     8.90000000000000E+02
    2.10000000000000E+01     9.40000000000000E+02
    2.20000000000000E+01     8.11000000000000E+02
    2.30000000000000E+01     7.08000000000000E+02
    2.40000000000000E+01     7.63000000000000E+02
    2.50000000000000E+01     7.96000000000000E+02
    2.60000000000000E+01     8.98000000000000E+02
    2.70000000000000E+01     9.30000000000000E+02
    2.80000000000000E+01     9.31000000000000E+02
    2.90000000000000E+01     9.07000000000000E+02
    3.00000000000000E+01     9.12000000000000E+02
    3.10000000000000E+01     1.01400000000000E+03
    3.20000000000000E+01     9.38000000000000E+02
    3.30000000000000E+01     9.14000000000000E+02
    3.40000000000000E+01     6.90000000000000E+02
    3.50000000000000E+01     4.23000000000000E+02
    3.60000000000000E+01     5.20000000000000E+02
    3.70000000000000E+01     6.16000000000000E+02
    3.80000000000000E+01     6.38000000000000E+02
    3.90000000000000E+01     6.15000000000000E+02
    4.00000000000000E+01     7.13000000000000E+02
    4.10000000000000E+01     7.79000000000000E+02
    4.20000000000000E+01     7.95000000000000E+02
    4.30000000000000E+01     8.28000000000000E+02
    4.40000000000000E+01     7.64000000000000E+02
    4.50000000000000E+01     8.64000000000000E+02
    4.60000000000000E+01     1.00600000000000E+03
    4.70000000000000E+01     9.09000000000000E+02
    4.80000000000000E+01     8.86000000000000E+02
    4.90000000000000E+01     8.57000000000000E+02
    5.00000000000000E+01     9.35000000000000E+02
    5.10000000000000E+01     8.31000000000000E+02
    5.20000000000000E+01     7.69000000000000E+02
    5.30000000000000E+01     8.20000000000000E+02
    5.40000000000000E+01     9.34000000000000E+02
    5.50000000000000E+01     7.99000000000000E+02
    5.60000000000000E+01     7.86000000000000E+02
    5.70000000000000E+01     7.18000000000000E+02
    5.80000000000000E+01     8.83000000000000E+02
    5.90000000000000E+01     8.97000000000000E+02
    6.00000000000000E+01     7.67000000000000E+02
    6.10000000000000E+01     7.52000000000000E+02
    6.20000000000000E+01     7.65000000000000E+02
    6.30000000000000E+01     8.86000000000000E+02
    6.40000000000000E+01     1.02000000000000E+03
    6.50000000000000E+01     9.80000000000000E+02
    6.60000000000000E+01     7.66000000000000E+02
    6.70000000000000E+01     6.71000000000000E+02
    6.80000000000000E+01     6.81000000000000E+02
    6.90000000000000E+01     7.23000000000000E+02
    7.00000000000000E+01     7.47000000000000E+02
    7.10000000000000E+01     7.84000000000000E+02
    7.20000000000000E+01     8.08000000000000E+02
    7.30000000000000E+01     8.67000000000000E+02
    7.40000000000000E+01     9.35000000000000E+02
    7.50000000000000E+01     9.32000000000000E+02
    7.60000000000000E+01     8.43000000000000E+02
    7.70000000000000E+01     7.75000000000000E+02
    7.80000000000000E+01     7.71000000000000E+02
    7.90000000000000E+01     8.65000000000000E+02
    8.00000000000000E+01     8.94000000000000E+02
    8.10000000000000E+01     9.59000000000000E+02
    8.20000000000000E+01     9.03000000000000E+02
    8.30000000000000E+01     9.65000000000000E+02
    8.40000000000000E+01     9.13000000000000E+02
    8.50000000000000E+01     9.66000000000000E+02
    8.60000000000000E+01     7.82000000000000E+02
    8.70000000000000E+01     6.90000000000000E+02
    8.80000000000000E+01     7.56000000000000E+02
    8.90000000000000E+01     8.74000000000000E+02
    9.00000000000000E+01     9.22000000000000E+02
    9.10000000000000E+01     9.24000000000000E+02
    9.20000000000000E+01     8.24000000000000E+02
    9.30000000000000E+01     9.60000000000000E+02
    9.40000000000000E+01     7.74000000000000E+02
    9.50000000000000E+01     7.19000000000000E+02
    9.60000000000000E+01     7.59000000000000E+02
    9.70000000000000E+01     7.85000000000000E+02
    9.80000000000000E+01     8.47000000000000E+02
    9.90000000000000E+01     9.09000000000000E+02
    1.00000000000000E+02     7.29000000000000E+02
    1.01000000000000E+02     6.63000000000000E+02
    1.02000000000000E+02     6.70000000000000E+02
    1.03000000000000E+02     8.14000000000000E+02
    1.04000000000000E+02     8.46000000000000E+02
    1.05000000000000E+02     8.83000000000000E+02
    1.06000000000000E+02     9.84000000000000E+02
    1.07000000000000E+02     1.02200000000000E+03
    1.08000000000000E+02     9.49000000000000E+02
    1.09000000000000E+02     9.60000000000000E+02
    1.10000000000000E+02     8.64000000000000E+02
    1.11000000000000E+02     8.71000000000000E+02
    1.12000000000000E+02     9.76000000000000E+02
    1.13000000000000E+02     1.03600000000000E+03
    1.14000000000000E+02     1.02100000000000E+03
    1.15000000000000E+02     9.50000000000000E+02
    1.16000000000000E+02     9.66000000000000E+02
    1.17000000000000E+02     9.28000000000000E+02
    1.18000000000000E+02     1.03400000000000E+03
    1.19000000000000E+02     1.06800000000000E+03
    1.20000000000000E+02     1.16100000000000E+03
    1.21000000000000E+02     1.06600000000000E+03
    1.22000000000000E+02     9.70000000000000E+02
    1.23000000000000E+02     1.05700000000000E+03
    1.24000000000000E+02     1.09700000000000E+03
    1.25000000000000E+02     1.00800000000000E+03
    1.26000000000000E+02     9.65000000000000E+02
    1.27000000000000E+02     1.15700000000000E+03
    1.28000000000000E+02     1.19100000000000E+03
    1.29000000000000E+02     1.02300000000000E+03
    1.30000000000000E+02     1.06200000000000E+03
    1.31000000000000E+02     1.15500000000000E+03
    1.32000000000000E+02     1.13700000000000E+03
    1.33000000000000E+02     1.08200000000000E+03
    1.34000000000000E+02     1.14400000000000E+03
    1.35000000000000E+02     1.08500000000000E+03
    1.36000000000000E+02     8.57000000000000E+02
    1.37000000000000E+02     5.28000000000000E+02
    1.38000000000000E+02     5.76000000000000E+02
    1.39000000000000E+02     6.14000000000000E+02
    1.40000000000000E+02     6.86000000000000E+02
    1.41000000000000E+02     7.31000000000000E+02
    1.42000000000000E+02     7.91000000000000E+02
    1.43000000000000E+02     8.39000000000000E+02
    1.44000000000000E+02     9.49000000000000E+02
    1.45000000000000E+02     7.57000000000000E+02
    1.46000000000000E+02     6.60000000000000E+02
    1.47000000000000E+02     8.12000000000000E+02
    1.48000000000000E+02     9.40000000000000E+02
    1.49000000000000E+02     8.17000000000000E+02
    1.50000000000000E+02     8.62000000000000E+02
    1.51000000000000E+02     8.98000000000000E+02
    1.52000000000000E+02     9.22000000000000E+02
    1.53000000000000E+02     8.22000000000000E+02
    1.54000000000000E+02     7.19000000000000E+02
    1.55000000000000E+02     7.37000000000000E+02
    1.56000000000000E+02     7.19000000000000E+02
    1.57000000000000E+02     7.39000000000000E+02
    1.58000000000000E+02     7.43000000000000E+02
    1.59000000000000E+02     7.23000000000000E+02
    1.60000000000000E+02     7.35000000000000E+02
    1.61000000000000E+02     8.06000000000000E+02
    1.62000000000000E+02     9.50000000000000E+02
    1.63000000000000E+02     8.29000000000000E+02
    1.64000000000000E+02     9.43000000000000E+02
    1.65000000000000E+02     6.68000000000000E+02
    1.66000000000000E+02     7.03000000000000E+02
    1.67000000000000E+02     7.32000000000000E+02
    1.68000000000000E+02     8.18000000000000E+02
    1.69000000000000E+02     8.74000000000000E+02
    1.70000000000000E+02     1.00700000000000E+03
    1.71000000000000E+02     8.20000000000000E+02
    1.72000000000000E+02     8.44000000000000E+02
    1.73000000000000E+02     9.84000000000000E+02
    1.74000000000000E+02     9.01000000000000E+02
    1.75000000000000E+02     6.03000000000000E+02
    1.76000000000000E+02     5.73000000000000E+02
    1.77000000000000E+02     6.02000000000000E+02
    1.78000000000000E+02     6.31000000000000E+02
    1.79000000000000E+02     7.44000000000000E+02
    1.80000000000000E+02     8.57000000000000E+02
    1.81000000000000E+02     1.00800000000000E+03
    1.82000000000000E+02     9.55000000000000E+02
    1.83000000000000E+02     9.96000000000000E+02
    1.84000000000000E+02     9.02000000000000E+02
    1.85000000000000E+02     9.03000000000000E+02
    1.86000000000000E+02     9.66000000000000E+02
    1.87000000000000E+02     8.10000000000000E+02
    1.88000000000000E+02     6.94000000000000E+02
    1.89000000000000E+02     7.51000000000000E+02
    1.90000000000000E+02     9.51000000000000E+02
    1.91000000000000E+02     8.50000000000000E+02
    1.92000000000000E+02     8.95000000000000E+02
    1.93000000000000E+02     8.43000000000000E+02
    1.94000000000000E+02     8.84000000000000E+02
    1.95000000000000E+02     1.05300000000000E+03
    1.96000000000000E+02     9.36000000000000E+02
    1.97000000000000E+02     9.01000000000000E+02
    1.98000000000000E+02     9.08000000000000E+02
    1.99000000000000E+02     9.41000000000000E+02
    2.00000000000000E+02     1.03700000000000E+03
    2.01000000000000E+02     1.15500000000000E+03
    2.02000000000000E+02     9.76000000000000E+02
    2.03000000000000E+02     1.06600000000000E+03
    2.04000000000000E+02     1.19400000000000E+03
    2.05000000000000E+02     1.01100000000000E+03
    2.06000000000000E+02     1.12700000000000E+03
    2.07000000000000E+02     1.00100000000000E+03
    2.08000000000000E+02     1.07900000000000E+03
    2.09000000000000E+02     9.83000000000000E+02
    2.10000000000000E+02     8.35000000000000E+02
    2.11000000000000E+02     4.87000000000000E+02
    2.12000000000000E+02     5.75000000000000E+02
    2.13000000000000E+02     6.68000000000000E+02
    2.14000000000000E+02     7.34000000000000E+02
    2.15000000000000E+02     8.06000000000000E+02
    2.16000000000000E+02     9.33000000000000E+02
    2.17000000000000E+02     8.01000000000000E+02
    2.18000000000000E+02     7.10000000000000E+02
    2.19000000000000E+02     7.47000000000000E+02
    2.20000000000000E+02     8.23000000000000E+02
    2.21000000000000E+02     8.29000000000000E+02
    2.22000000000000E+02     9.51000000000000E+02
    2.23000000000000E+02     9.35000000000000E+02
    2.24000000000000E+02     9.42000000000000E+02
    2.25000000000000E+02     1.07600000000000E+03
    2.26000000000000E+02     1.16700000000000E+03
    2.27000000000000E+02     1.24900000000000E+03
    2.28000000000000E+02     1.35200000000000E+03
    2.29000000000000E+02     1.37200000000000E+03
    2.30000000000000E+02     1.24200000000000E+03
    2.31000000000000E+02     1.31800000000000E+03
    2.32000000000000E+02     1.14900000000000E+03
    2.33000000000000E+02     1.19200000000000E+03
    2.34000000000000E+02     1.14200000000000E+03
    2.35000000000000E+02     1.32900000000000E+03
    2.36000000000000E+02     1.33500000000000E+03
    2.37000000000000E+02     1.34700000000000E+03
    2.38000000000000E+02     1.32100000000000E+03
    2.39000000000000E+02     1.26500000000000E+03
    2.40000000000000E+02     1.41500000000000E+03
    2.41000000000000E+02     1.22800000000000E+03
    2.42000000000000E+02     1.38800000000000E+03
    2.43000000000000E+02     1.54900000000000E+03
    2.44000000000000E+02     1.64700000000000E+03
    2.45000000000000E+02     1.71200000000000E+03
    2.46000000000000E+02     1.81500000000000E+03
    2.47000000000000E+02     1.89700000000000E+03
    2.48000000000000E+02     1.93000000000000E+03
    2.49000000000000E+02     1.98100000000000E+03
    2.50000000000000E+02     2.04000000000000E+03
    2.51000000000000E+02     1.90600000000000E+03
    2.52000000000000E+02     2.12100000000000E+03
    2.53000000000000E+02     2.18300000000000E+03
    2.54000000000000E+02     2.28500000000000E+03
    2.55000000000000E+02     2.63500000000000E+03
    2.56000000000000E+02     2.88100000000000E+03
    2.57000000000000E+02     2.75400000000000E+03
    2.58000000000000E+02     2.92900000000000E+03
    2.59000000000000E+02     3.22700000000000E+03
    2.60000000000000E+02     3.31800000000000E+03
    2.61000000000000E+02     3.76800000000000E+03
    2.62000000000000E+02     4.09600000000000E+03
    2.63000000000000E+02     4.31700000000000E+03
    2.64000000000000E+02     4.70100000000000E+03
