    1.00000000000000E+00     9.00000000000000E+02
    2.00000000000000E+00     7.89000000000000E+02
    3.00000000000000E+00     7.02000000000000E+02
    4.00000000000000E+00     9.05000000000000E+02
    5.00000000000000E+00     7.39000000000000E+02
    6.00000000000000E+00     7.55000000000000E+02
    7.00000000000000E+00     9.18000000000000E+02
    8.00000000000000E+00     8.65000000000000E+02
    9.00000000000000E+00     9.47000000000000E+02
    1.00000000000000E+01     9.31000000000000E+02
    1.10000000000000E+01     9.25000000000000E+02
    1.20000000000000E+01     9.37000000000000E+02
    1.30000000000000E+01     9.25000000000000E+02
    1.40000000000000E+01     1.22400000000000E+03
    1.50000000000000E+01     1.00900000000000E+03
    1.60000000000000E+01     1.08000000000000E+03
    1.70000000000000E+01     1.01900000000000E+03
    1.80000000000000E+01     1.09800000000000E+03
    1.90000000000000E+01     8.11000000000000E+02
    2.00000000000000E+01     5.84000000000000E+02
    2.10000000000000E+01     6.78000000000000E+02
    2.20000000000000E+01     6.77000000000000E+02
    2.30000000000000E+01     7.19000000000000E+02
    2.40000000000000E+01     8.15000000000000E+02
    2.50000000000000E+01     8.06000000000000E+02
    2.60000000000000E+01     9.31000000000000E+02
    2.70000000000000E+01     7.98000000000000E+02
    2.80000000000000E+01     7.54000000000000E+02
    2.90000000000000E+01     8.31000000000000E+02
    3.00000000000000E+01     8.71000000000000E+02
    3.10000000000000E+01     9.96000000000000E+02
    3.20000000000000E+01     8.07000000000000E+02
    3.30000000000000E+01     7.60000000000000E+02
    3.40000000000000E+01     7.39000000000000E+02
    3.50000000000000E+01     8.17000000000000E+02
    3.60000000000000E+01     9.15000000000000E+02
    3.70000000000000E+01     7.70000000000000E+02
    3.80000000000000E+01     7.64000000000000E+02
    3.90000000000000E+01     7.90000000000000E+02
    4.00000000000000E+01     9.42000000000000E+02
    4.10000000000000E+01     8.85000000000000E+02
    4.20000000000000E+01     9.55000000000000E+02
    4.30000000000000E+01     8.23000000000000E+02
    4.40000000000000E+01     7.79000000000000E+02
    4.50000000000000E+01     8.05000000000000E+02
    4.60000000000000E+01     8.68000000000000E+02
    4.70000000000000E+01     9.61000000000000E+02
    4.80000000000000E+01     8.64000000000000E+02
    4.90000000000000E+01     9.40000000000000E+02
    5.00000000000000E+01     7.80000000000000E+02
    5.10000000000000E+01     8.13000000000000E+02
    5.20000000000000E+01     9.33000000000000E+02
    5.30000000000000E+01     7.79000000000000E+02
    5.40000000000000E+01     7.10000000000000E+02
    5.50000000000000E+01     7.65000000000000E+02
    5.60000000000000E+01     7.67000000000000E+02
    5.70000000000000E+01     7.96000000000000E+02
    5.80000000000000E+01     9.01000000000000E+02
    5.90000000000000E+01     8.32000000000000E+02
    6.00000000000000E+01     8.03000000000000E+02
    6.10000000000000E+01     9.07000000000000E+02
    6.20000000000000E+01     7.87000000000000E+02
    6.30000000000000E+01     7.73000000000000E+02
    6.40000000000000E+01     7.85000000000000E+02
    6.50000000000000E+01     7.90000000000000E+02
    6.60000000000000E+01     9.24000000000000E+02
    6.70000000000000E+01     8.25000000000000E+02
    6.80000000000000E+01     8.25000000000000E+02
    6.90000000000000E+01     8.10000000000000E+02
    7.00000000000000E+01     1.02400000000000E+03
    7.10000000000000E+01     1.04100000000000E+03
    7.20000000000000E+01     1.10800000000000E+03
    7.30000000000000E+01     1.10400000000000E+03
    7.40000000000000E+01     1.16500000000000E+03
    7.50000000000000E+01     1.25700000000000E+03
    7.60000000000000E+01     1.08900000000000E+03
    7.70000000000000E+01     1.05300000000000E+03
    7.80000000000000E+01     1.22300000000000E+03
    7.90000000000000E+01     1.05700000000000E+03
    8.00000000000000E+01     9.86000000000000E+02
    8.10000000000000E+01     9.46000000000000E+02
    8.20000000000000E+01     8.90000000000000E+02
    8.30000000000000E+01     8.41000000000000E+02
    8.40000000000000E+01     9.31000000000000E+02
    8.50000000000000E+01     7.73000000000000E+02
    8.60000000000000E+01     7.67000000000000E+02
    8.70000000000000E+01     7.96000000000000E+02
    8.80000000000000E+01     8.93000000000000E+02
    8.90000000000000E+01     8.55000000000000E+02
    9.00000000000000E+01     9.55000000000000E+02
    9.10000000000000E+01     9.85000000000000E+02
    9.20000000000000E+01     9.42000000000000E+02
    9.30000000000000E+01     8.88000000000000E+02
    9.40000000000000E+01     9.17000000000000E+02
    9.50000000000000E+01     9.22000000000000E+02
    9.60000000000000E+01     7.87000000000000E+02
    9.70000000000000E+01     8.15000000000000E+02
    9.80000000000000E+01     9.35000000000000E+02
    9.90000000000000E+01     8.42000000000000E+02
    1.00000000000000E+02     9.23000000000000E+02
    1.01000000000000E+02     6.68000000000000E+02
    1.02000000000000E+02     7.07000000000000E+02
    1.03000000000000E+02     7.45000000000000E+02
    1.04000000000000E+02     8.06000000000000E+02
    1.05000000000000E+02     8.45000000000000E+02
    1.06000000000000E+02     9.84000000000000E+02
    1.07000000000000E+02     9.18000000000000E+02
    1.08000000000000E+02     8.89000000000000E+02
    1.09000000000000E+02     9.45000000000000E+02
    1.10000000000000E+02     1.02100000000000E+03
    1.11000000000000E+02     1.00000000000000E+03
    1.12000000000000E+02     9.90000000000000E+02
    1.13000000000000E+02     7.69000000000000E+02
    1.14000000000000E+02     8.42000000000000E+02
    1.15000000000000E+02     9.20000000000000E+02
    1.16000000000000E+02     5.32000000000000E+02
    1.17000000000000E+02     5.10000000000000E+02
    1.18000000000000E+02     5.68000000000000E+02
    1.19000000000000E+02     7.05000000000000E+02
    1.20000000000000E+02     7.67000000000000E+02
    1.21000000000000E+02     8.55000000000000E+02
    1.22000000000000E+02     8.87000000000000E+02
    1.23000000000000E+02     8.62000000000000E+02
    1.24000000000000E+02     9.39000000000000E+02
    1.25000000000000E+02     9.43000000000000E+02
    1.26000000000000E+02     9.52000000000000E+02
    1.27000000000000E+02     1.01200000000000E+03
    1.28000000000000E+02     9.95000000000000E+02
    1.29000000000000E+02     9.42000000000000E+02
    1.30000000000000E+02     1.01400000000000E+03
    1.31000000000000E+02     1.12400000000000E+03
    1.32000000000000E+02     1.05900000000000E+03
    1.33000000000000E+02     1.17300000000000E+03
    1.34000000000000E+02     1.15300000000000E+03
    1.35000000000000E+02     1.08200000000000E+03
    1.36000000000000E+02     9.81000000000000E+02
    1.37000000000000E+02     1.03400000000000E+03
    1.38000000000000E+02     9.79000000000000E+02
    1.39000000000000E+02     1.06300000000000E+03
    1.40000000000000E+02     9.98000000000000E+02
    1.41000000000000E+02     9.68000000000000E+02
    1.42000000000000E+02     8.98000000000000E+02
    1.43000000000000E+02     9.21000000000000E+02
    1.44000000000000E+02     8.15000000000000E+02
    1.45000000000000E+02     5.81000000000000E+02
    1.46000000000000E+02     6.66000000000000E+02
    1.47000000000000E+02     7.62000000000000E+02
    1.48000000000000E+02     7.49000000000000E+02
    1.49000000000000E+02     8.26000000000000E+02
    1.50000000000000E+02     9.77000000000000E+02
    1.51000000000000E+02     1.00100000000000E+03
    1.52000000000000E+02     9.01000000000000E+02
    1.53000000000000E+02     6.92000000000000E+02
    1.54000000000000E+02     6.06000000000000E+02
    1.55000000000000E+02     7.27000000000000E+02
    1.56000000000000E+02     7.43000000000000E+02
    1.57000000000000E+02     7.96000000000000E+02
    1.58000000000000E+02     8.32000000000000E+02
    1.59000000000000E+02     8.34000000000000E+02
    1.60000000000000E+02     9.71000000000000E+02
    1.61000000000000E+02     8.81000000000000E+02
    1.62000000000000E+02     9.26000000000000E+02
    1.63000000000000E+02     1.00900000000000E+03
    1.64000000000000E+02     8.53000000000000E+02
    1.65000000000000E+02     8.63000000000000E+02
    1.66000000000000E+02     8.53000000000000E+02
    1.67000000000000E+02     9.36000000000000E+02
    1.68000000000000E+02     7.47000000000000E+02
    1.69000000000000E+02     7.43000000000000E+02
    1.70000000000000E+02     8.65000000000000E+02
    1.71000000000000E+02     8.78000000000000E+02
    1.72000000000000E+02     8.22000000000000E+02
    1.73000000000000E+02     8.56000000000000E+02
    1.74000000000000E+02     9.46000000000000E+02
    1.75000000000000E+02     9.67000000000000E+02
    1.76000000000000E+02     1.08900000000000E+03
    1.77000000000000E+02     1.16200000000000E+03
    1.78000000000000E+02     1.09100000000000E+03
    1.79000000000000E+02     1.31300000000000E+03
    1.80000000000000E+02     1.25800000000000E+03
    1.81000000000000E+02     1.27300000000000E+03
    1.82000000000000E+02     1.34800000000000E+03
    1.83000000000000E+02     1.39300000000000E+03
    1.84000000000000E+02     1.59300000000000E+03
    1.85000000000000E+02     1.52700000000000E+03
    1.86000000000000E+02     1.60900000000000E+03
    1.87000000000000E+02     1.58300000000000E+03
    1.88000000000000E+02     1.68500000000000E+03
    1.89000000000000E+02     1.58100000000000E+03
    1.90000000000000E+02     1.50400000000000E+03
    1.91000000000000E+02     1.54100000000000E+03
    1.92000000000000E+02     1.71800000000000E+03
    1.93000000000000E+02     1.78100000000000E+03
    1.94000000000000E+02     1.92000000000000E+03
    1.95000000000000E+02     1.99500000000000E+03
    1.96000000000000E+02     1.98000000000000E+03
    1.97000000000000E+02     2.40000000000000E+03
    1.98000000000000E+02     2.61400000000000E+03
    1.99000000000000E+02     2.79000000000000E+03
    2.00000000000000E+02     3.04800000000000E+03
    2.01000000000000E+02     3.33600000000000E+03
    2.02000000000000E+02     3.57700000000000E+03
    2.03000000000000E+02     3.74800000000000E+03
    2.04000000000000E+02     4.25900000000000E+03
    2.05000000000000E+02     4.74500000000000E+03
