    1.00000000000000E+00     8.45000000000000E+02
    2.00000000000000E+00     8.50000000000000E+02
    3.00000000000000E+00     9.11000000000000E+02
    4.00000000000000E+00     9.52000000000000E+02
    5.00000000000000E+00     1.11800000000000E+03
    6.00000000000000E+00     1.14600000000000E+03
    7.00000000000000E+00     1.06700000000000E+03
    8.00000000000000E+00     9.42000000000000E+02
    9.00000000000000E+00     9.46000000000000E+02
    1.00000000000000E+01     9.99000000000000E+02
    1.10000000000000E+01     8.16000000000000E+02
    1.20000000000000E+01     7.97000000000000E+02
    1.30000000000000E+01     8.29000000000000E+02
    1.40000000000000E+01     9.56000000000000E+02
    1.50000000000000E+01     8.60000000000000E+02
    1.60000000000000E+01     9.17000000000000E+02
    1.70000000000000E+01     8.63000000000000E+02
    1.80000000000000E+01     1.08900000000000E+03
    1.90000000000000E+01     9.37000000000000E+02
    2.00000000000000E+01     8.63000000000000E+02
    2.10000000000000E+01     8.75000000000000E+02
    2.20000000000000E+01     1.00400000000000E+03
    2.30000000000000E+01     9.56000000000000E+02
    2.40000000000000E+01     9.92000000000000E+02
    2.50000000000000E+01     9.22000000000000E+02
    2.60000000000000E+01     7.73000000000000E+02
    2.70000000000000E+01     6.25000000000000E+02
    2.80000000000000E+01     7.33000000000000E+02
    2.90000000000000E+01     8.35000000000000E+02
    3.00000000000000E+01     9.69000000000000E+02
    3.10000000000000E+01     6.49000000000000E+02
    3.20000000000000E+01     6.85000000000000E+02
    3.30000000000000E+01     9.04000000000000E+02
    3.40000000000000E+01     6.47000000000000E+02
    3.50000000000000E+01     6.14000000000000E+02
    3.60000000000000E+01     6.51000000000000E+02
    3.70000000000000E+01     7.34000000000000E+02
    3.80000000000000E+01     7.54000000000000E+02
    3.90000000000000E+01     8.91000000000000E+02
    4.00000000000000E+01     9.20000000000000E+02
    4.10000000000000E+01     8.49000000000000E+02
    4.20000000000000E+01     1.00200000000000E+03
    4.30000000000000E+01     7.27000000000000E+02
    4.40000000000000E+01     7.13000000000000E+02
    4.50000000000000E+01     7.78000000000000E+02
    4.60000000000000E+01     8.62000000000000E+02
    4.70000000000000E+01     1.03700000000000E+03
    4.80000000000000E+01     9.53000000000000E+02
    4.90000000000000E+01     8.64000000000000E+02
    5.00000000000000E+01     1.01000000000000E+03
    5.10000000000000E+01     8.60000000000000E+02
    5.20000000000000E+01     1.05100000000000E+03
    5.30000000000000E+01     8.92000000000000E+02
    5.40000000000000E+01     9.39000000000000E+02
    5.50000000000000E+01     9.83000000000000E+02
    5.60000000000000E+01     8.57000000000000E+02
    5.70000000000000E+01     9.36000000000000E+02
    5.80000000000000E+01     7.98000000000000E+02
    5.90000000000000E+01     8.64000000000000E+02
    6.00000000000000E+01     7.69000000000000E+02
    6.10000000000000E+01     8.18000000000000E+02
    6.20000000000000E+01     7.98000000000000E+02
    6.30000000000000E+01     9.85000000000000E+02
    6.40000000000000E+01     9.00000000000000E+02
    6.50000000000000E+01     8.10000000000000E+02
    6.60000000000000E+01     7.50000000000000E+02
    6.70000000000000E+01     8.81000000000000E+02
    6.80000000000000E+01     1.00900000000000E+03
    6.90000000000000E+01     8.63000000000000E+02
    7.00000000000000E+01     1.00300000000000E+03
    7.10000000000000E+01     9.52000000000000E+02
    7.20000000000000E+01     9.38000000000000E+02
    7.30000000000000E+01     8.60000000000000E+02
    7.40000000000000E+01     7.91000000000000E+02
    7.50000000000000E+01     8.69000000000000E+02
    7.60000000000000E+01     1.01400000000000E+03
    7.70000000000000E+01     1.00800000000000E+03
    7.80000000000000E+01     7.92000000000000E+02
    7.90000000000000E+01     8.36000000000000E+02
    8.00000000000000E+01     9.26000000000000E+02
    8.10000000000000E+01     7.70000000000000E+02
    8.20000000000000E+01     6.99000000000000E+02
    8.30000000000000E+01     8.60000000000000E+02
    8.40000000000000E+01     9.41000000000000E+02
    8.50000000000000E+01     8.68000000000000E+02
    8.60000000000000E+01     8.75000000000000E+02
    8.70000000000000E+01     8.06000000000000E+02
    8.80000000000000E+01     9.94000000000000E+02
    8.90000000000000E+01     9.45000000000000E+02
    9.00000000000000E+01     1.09900000000000E+03
    9.10000000000000E+01     1.26100000000000E+03
    9.20000000000000E+01     1.11900000000000E+03
    9.30000000000000E+01     1.05500000000000E+03
    9.40000000000000E+01     1.10000000000000E+03
    9.50000000000000E+01     1.16400000000000E+03
    9.60000000000000E+01     1.21100000000000E+03
    9.70000000000000E+01     1.22500000000000E+03
    9.80000000000000E+01     1.10300000000000E+03
    9.90000000000000E+01     9.71000000000000E+02
    1.00000000000000E+02     9.17000000000000E+02
    1.01000000000000E+02     8.74000000000000E+02
    1.02000000000000E+02     5.79000000000000E+02
    1.03000000000000E+02     6.57000000000000E+02
    1.04000000000000E+02     7.63000000000000E+02
    1.05000000000000E+02     8.12000000000000E+02
    1.06000000000000E+02     8.22000000000000E+02
    1.07000000000000E+02     9.30000000000000E+02
    1.08000000000000E+02     7.03000000000000E+02
    1.09000000000000E+02     6.97000000000000E+02
    1.10000000000000E+02     8.41000000000000E+02
    1.11000000000000E+02     8.69000000000000E+02
    1.12000000000000E+02     9.96000000000000E+02
    1.13000000000000E+02     1.21700000000000E+03
    1.14000000000000E+02     1.24100000000000E+03
    1.15000000000000E+02     1.36100000000000E+03
    1.16000000000000E+02     1.56200000000000E+03
    1.17000000000000E+02     1.82500000000000E+03
    1.18000000000000E+02     1.78300000000000E+03
    1.19000000000000E+02     1.90300000000000E+03
    1.20000000000000E+02     1.98100000000000E+03
    1.21000000000000E+02     2.20300000000000E+03
    1.22000000000000E+02     2.28400000000000E+03
    1.23000000000000E+02     2.27300000000000E+03
    1.24000000000000E+02     2.48000000000000E+03
    1.25000000000000E+02     2.40800000000000E+03
    1.26000000000000E+02     2.79200000000000E+03
    1.27000000000000E+02     2.84100000000000E+03
    1.28000000000000E+02     3.10800000000000E+03
    1.29000000000000E+02     3.53700000000000E+03
    1.30000000000000E+02     3.80500000000000E+03
    1.31000000000000E+02     3.92200000000000E+03
    1.32000000000000E+02     4.46900000000000E+03
    1.33000000000000E+02     4.92100000000000E+03
