    1.00000000000000E+00     1.06500000000000E+03
    2.00000000000000E+00     1.01400000000000E+03
    3.00000000000000E+00     9.44000000000000E+02
    4.00000000000000E+00     1.14700000000000E+03
    5.00000000000000E+00     1.13600000000000E+03
    6.00000000000000E+00     1.18000000000000E+03
    7.00000000000000E+00     1.17900000000000E+03
    8.00000000000000E+00     1.11900000000000E+03
    9.00000000000000E+00     1.22800000000000E+03
    1.00000000000000E+01     1.27500000000000E+03
    1.10000000000000E+01     1.45300000000000E+03
    1.20000000000000E+01     1.45200000000000E+03
    1.30000000000000E+01     1.60300000000000E+03
    1.40000000000000E+01     1.67800000000000E+03
    1.50000000000000E+01     1.86500000000000E+03
    1.60000000000000E+01     1.98100000000000E+03
    1.70000000000000E+01     1.81900000000000E+03
    1.80000000000000E+01     1.76800000000000E+03
    1.90000000000000E+01     1.71700000000000E+03
    2.00000000000000E+01     1.65200000000000E+03
    2.10000000000000E+01     1.86600000000000E+03
    2.20000000000000E+01     2.03700000000000E+03
    2.30000000000000E+01     2.09700000000000E+03
    2.40000000000000E+01     2.03000000000000E+03
    2.50000000000000E+01     2.18700000000000E+03
    2.60000000000000E+01     2.44400000000000E+03
    2.70000000000000E+01     2.79500000000000E+03
    2.80000000000000E+01     2.96600000000000E+03
    2.90000000000000E+01     3.29000000000000E+03
    3.00000000000000E+01     3.61000000000000E+03
    3.10000000000000E+01     3.88200000000000E+03
    3.20000000000000E+01     4.26800000000000E+03
    3.30000000000000E+01     4.62800000000000E+03
