    1.00000000000000E+00     8.24000000000000E+02
    2.00000000000000E+00     8.39000000000000E+02
    3.00000000000000E+00     8.84000000000000E+02
    4.00000000000000E+00     8.66000000000000E+02
    5.00000000000000E+00     9.08000000000000E+02
    6.00000000000000E+00     9.60000000000000E+02
    7.00000000000000E+00     1.08900000000000E+03
    8.00000000000000E+00     9.88000000000000E+02
    9.00000000000000E+00     1.04400000000000E+03
    1.00000000000000E+01     1.12100000000000E+03
    1.10000000000000E+01     1.10800000000000E+03
    1.20000000000000E+01     1.08100000000000E+03
    1.30000000000000E+01     9.73000000000000E+02
    1.40000000000000E+01     8.84000000000000E+02
    1.50000000000000E+01     6.62000000000000E+02
    1.60000000000000E+01     6.63000000000000E+02
    1.70000000000000E+01     7.24000000000000E+02
    1.80000000000000E+01     7.20000000000000E+02
    1.90000000000000E+01     7.99000000000000E+02
    2.00000000000000E+01     8.19000000000000E+02
    2.10000000000000E+01     9.45000000000000E+02
    2.20000000000000E+01     1.00000000000000E+03
    2.30000000000000E+01     9.21000000000000E+02
    2.40000000000000E+01     7.78000000000000E+02
    2.50000000000000E+01     7.26000000000000E+02
    2.60000000000000E+01     7.65000000000000E+02
    2.70000000000000E+01     8.17000000000000E+02
    2.80000000000000E+01     1.03400000000000E+03
    2.90000000000000E+01     8.78000000000000E+02
    3.00000000000000E+01     9.72000000000000E+02
    3.10000000000000E+01     8.03000000000000E+02
    3.20000000000000E+01     7.75000000000000E+02
    3.30000000000000E+01     8.73000000000000E+02
    3.40000000000000E+01     8.74000000000000E+02
    3.50000000000000E+01     7.99000000000000E+02
    3.60000000000000E+01     7.87000000000000E+02
    3.70000000000000E+01     8.74000000000000E+02
    3.80000000000000E+01     9.51000000000000E+02
    3.90000000000000E+01     9.67000000000000E+02
    4.00000000000000E+01     8.03000000000000E+02
    4.10000000000000E+01     7.26000000000000E+02
    4.20000000000000E+01     7.43000000000000E+02
    4.30000000000000E+01     7.95000000000000E+02
    4.40000000000000E+01     8.65000000000000E+02
    4.50000000000000E+01     9.40000000000000E+02
    4.60000000000000E+01     9.43000000000000E+02
    4.70000000000000E+01     9.52000000000000E+02
    4.80000000000000E+01     9.65000000000000E+02
    4.90000000000000E+01     1.16000000000000E+03
    5.00000000000000E+01     1.13800000000000E+03
    5.10000000000000E+01     1.03300000000000E+03
    5.20000000000000E+01     1.01200000000000E+03
    5.30000000000000E+01     1.21100000000000E+03
    5.40000000000000E+01     1.09300000000000E+03
    5.50000000000000E+01     1.02600000000000E+03
    5.60000000000000E+01     9.76000000000000E+02
    5.70000000000000E+01     1.08100000000000E+03
    5.80000000000000E+01     1.10500000000000E+03
    5.90000000000000E+01     1.25800000000000E+03
    6.00000000000000E+01     1.26600000000000E+03
    6.10000000000000E+01     1.14900000000000E+03
    6.20000000000000E+01     9.67000000000000E+02
    6.30000000000000E+01     9.85000000000000E+02
    6.40000000000000E+01     1.12500000000000E+03
    6.50000000000000E+01     1.11800000000000E+03
    6.60000000000000E+01     9.61000000000000E+02
    6.70000000000000E+01     8.83000000000000E+02
    6.80000000000000E+01     6.33000000000000E+02
    6.90000000000000E+01     6.53000000000000E+02
    7.00000000000000E+01     6.99000000000000E+02
    7.10000000000000E+01     7.61000000000000E+02
    7.20000000000000E+01     8.11000000000000E+02
    7.30000000000000E+01     1.01200000000000E+03
    7.40000000000000E+01     9.72000000000000E+02
    7.50000000000000E+01     9.05000000000000E+02
    7.60000000000000E+01     9.33000000000000E+02
    7.70000000000000E+01     8.20000000000000E+02
    7.80000000000000E+01     5.30000000000000E+02
    7.90000000000000E+01     6.53000000000000E+02
    8.00000000000000E+01     7.51000000000000E+02
    8.10000000000000E+01     7.84000000000000E+02
    8.20000000000000E+01     9.18000000000000E+02
    8.30000000000000E+01     7.86000000000000E+02
    8.40000000000000E+01     8.26000000000000E+02
    8.50000000000000E+01     9.09000000000000E+02
    8.60000000000000E+01     8.28000000000000E+02
    8.70000000000000E+01     7.94000000000000E+02
    8.80000000000000E+01     8.37000000000000E+02
    8.90000000000000E+01     1.04400000000000E+03
    9.00000000000000E+01     9.83000000000000E+02
    9.10000000000000E+01     1.02100000000000E+03
    9.20000000000000E+01     9.90000000000000E+02
    9.30000000000000E+01     7.73000000000000E+02
    9.40000000000000E+01     6.24000000000000E+02
    9.50000000000000E+01     6.51000000000000E+02
    9.60000000000000E+01     7.04000000000000E+02
    9.70000000000000E+01     7.52000000000000E+02
    9.80000000000000E+01     8.27000000000000E+02
    9.90000000000000E+01     8.17000000000000E+02
    1.00000000000000E+02     8.85000000000000E+02
    1.01000000000000E+02     1.05800000000000E+03
    1.02000000000000E+02     9.94000000000000E+02
    1.03000000000000E+02     9.18000000000000E+02
    1.04000000000000E+02     8.30000000000000E+02
    1.05000000000000E+02     8.39000000000000E+02
    1.06000000000000E+02     9.31000000000000E+02
    1.07000000000000E+02     6.72000000000000E+02
    1.08000000000000E+02     5.82000000000000E+02
    1.09000000000000E+02     6.90000000000000E+02
    1.10000000000000E+02     6.68000000000000E+02
    1.11000000000000E+02     7.39000000000000E+02
    1.12000000000000E+02     8.37000000000000E+02
    1.13000000000000E+02     9.03000000000000E+02
    1.14000000000000E+02     7.31000000000000E+02
    1.15000000000000E+02     8.74000000000000E+02
    1.16000000000000E+02     9.16000000000000E+02
    1.17000000000000E+02     7.90000000000000E+02
    1.18000000000000E+02     7.69000000000000E+02
    1.19000000000000E+02     9.22000000000000E+02
    1.20000000000000E+02     6.80000000000000E+02
    1.21000000000000E+02     5.79000000000000E+02
    1.22000000000000E+02     6.75000000000000E+02
    1.23000000000000E+02     6.65000000000000E+02
    1.24000000000000E+02     7.71000000000000E+02
    1.25000000000000E+02     8.28000000000000E+02
    1.26000000000000E+02     9.38000000000000E+02
    1.27000000000000E+02     8.17000000000000E+02
    1.28000000000000E+02     7.48000000000000E+02
    1.29000000000000E+02     7.24000000000000E+02
    1.30000000000000E+02     7.68000000000000E+02
    1.31000000000000E+02     7.36000000000000E+02
    1.32000000000000E+02     8.41000000000000E+02
    1.33000000000000E+02     9.43000000000000E+02
    1.34000000000000E+02     1.02800000000000E+03
    1.35000000000000E+02     8.81000000000000E+02
    1.36000000000000E+02     9.64000000000000E+02
    1.37000000000000E+02     9.41000000000000E+02
    1.38000000000000E+02     8.65000000000000E+02
    1.39000000000000E+02     9.25000000000000E+02
    1.40000000000000E+02     7.70000000000000E+02
    1.41000000000000E+02     7.39000000000000E+02
    1.42000000000000E+02     7.33000000000000E+02
    1.43000000000000E+02     7.72000000000000E+02
    1.44000000000000E+02     8.19000000000000E+02
    1.45000000000000E+02     8.99000000000000E+02
    1.46000000000000E+02     7.96000000000000E+02
    1.47000000000000E+02     8.03000000000000E+02
    1.48000000000000E+02     9.13000000000000E+02
    1.49000000000000E+02     9.11000000000000E+02
    1.50000000000000E+02     9.03000000000000E+02
    1.51000000000000E+02     7.98000000000000E+02
    1.52000000000000E+02     6.49000000000000E+02
    1.53000000000000E+02     6.72000000000000E+02
    1.54000000000000E+02     7.13000000000000E+02
    1.55000000000000E+02     8.25000000000000E+02
    1.56000000000000E+02     9.87000000000000E+02
    1.57000000000000E+02     9.10000000000000E+02
    1.58000000000000E+02     9.95000000000000E+02
    1.59000000000000E+02     9.90000000000000E+02
    1.60000000000000E+02     9.36000000000000E+02
    1.61000000000000E+02     8.56000000000000E+02
    1.62000000000000E+02     7.71000000000000E+02
    1.63000000000000E+02     7.04000000000000E+02
    1.64000000000000E+02     7.50000000000000E+02
    1.65000000000000E+02     7.72000000000000E+02
    1.66000000000000E+02     8.49000000000000E+02
    1.67000000000000E+02     8.38000000000000E+02
    1.68000000000000E+02     8.48000000000000E+02
    1.69000000000000E+02     1.05500000000000E+03
    1.70000000000000E+02     1.17600000000000E+03
    1.71000000000000E+02     1.14500000000000E+03
    1.72000000000000E+02     1.19000000000000E+03
    1.73000000000000E+02     1.18300000000000E+03
    1.74000000000000E+02     1.21300000000000E+03
    1.75000000000000E+02     1.07200000000000E+03
    1.76000000000000E+02     9.41000000000000E+02
    1.77000000000000E+02     1.01600000000000E+03
    1.78000000000000E+02     1.09200000000000E+03
    1.79000000000000E+02     1.15300000000000E+03
    1.80000000000000E+02     1.06900000000000E+03
    1.81000000000000E+02     8.77000000000000E+02
    1.82000000000000E+02     7.55000000000000E+02
    1.83000000000000E+02     9.04000000000000E+02
    1.84000000000000E+02     7.90000000000000E+02
    1.85000000000000E+02     7.97000000000000E+02
    1.86000000000000E+02     8.93000000000000E+02
    1.87000000000000E+02     8.06000000000000E+02
    1.88000000000000E+02     8.31000000000000E+02
    1.89000000000000E+02     8.87000000000000E+02
    1.90000000000000E+02     8.84000000000000E+02
    1.91000000000000E+02     9.87000000000000E+02
    1.92000000000000E+02     1.07800000000000E+03
    1.93000000000000E+02     1.09600000000000E+03
    1.94000000000000E+02     1.08400000000000E+03
    1.95000000000000E+02     1.04700000000000E+03
    1.96000000000000E+02     1.13300000000000E+03
    1.97000000000000E+02     9.70000000000000E+02
    1.98000000000000E+02     9.30000000000000E+02
    1.99000000000000E+02     8.96000000000000E+02
    2.00000000000000E+02     9.48000000000000E+02
    2.01000000000000E+02     8.97000000000000E+02
    2.02000000000000E+02     9.86000000000000E+02
    2.03000000000000E+02     9.36000000000000E+02
    2.04000000000000E+02     9.39000000000000E+02
    2.05000000000000E+02     1.11900000000000E+03
    2.06000000000000E+02     1.07900000000000E+03
    2.07000000000000E+02     9.97000000000000E+02
    2.08000000000000E+02     9.75000000000000E+02
    2.09000000000000E+02     8.81000000000000E+02
    2.10000000000000E+02     5.40000000000000E+02
    2.11000000000000E+02     6.43000000000000E+02
    2.12000000000000E+02     7.50000000000000E+02
    2.13000000000000E+02     9.22000000000000E+02
    2.14000000000000E+02     7.69000000000000E+02
    2.15000000000000E+02     6.94000000000000E+02
    2.16000000000000E+02     7.70000000000000E+02
    2.17000000000000E+02     8.30000000000000E+02
    2.18000000000000E+02     8.31000000000000E+02
    2.19000000000000E+02     9.31000000000000E+02
    2.20000000000000E+02     1.06600000000000E+03
    2.21000000000000E+02     9.58000000000000E+02
    2.22000000000000E+02     8.56000000000000E+02
    2.23000000000000E+02     8.81000000000000E+02
    2.24000000000000E+02     8.74000000000000E+02
    2.25000000000000E+02     9.96000000000000E+02
    2.26000000000000E+02     1.14000000000000E+03
    2.27000000000000E+02     1.07900000000000E+03
    2.28000000000000E+02     1.15300000000000E+03
    2.29000000000000E+02     1.03400000000000E+03
    2.30000000000000E+02     1.00600000000000E+03
    2.31000000000000E+02     9.23000000000000E+02
    2.32000000000000E+02     9.03000000000000E+02
    2.33000000000000E+02     8.81000000000000E+02
    2.34000000000000E+02     7.82000000000000E+02
    2.35000000000000E+02     8.58000000000000E+02
    2.36000000000000E+02     8.20000000000000E+02
    2.37000000000000E+02     8.79000000000000E+02
    2.38000000000000E+02     8.65000000000000E+02
    2.39000000000000E+02     8.87000000000000E+02
    2.40000000000000E+02     9.65000000000000E+02
    2.41000000000000E+02     9.48000000000000E+02
    2.42000000000000E+02     9.34000000000000E+02
    2.43000000000000E+02     7.69000000000000E+02
    2.44000000000000E+02     7.03000000000000E+02
    2.45000000000000E+02     7.97000000000000E+02
    2.46000000000000E+02     7.71000000000000E+02
    2.47000000000000E+02     7.66000000000000E+02
    2.48000000000000E+02     8.72000000000000E+02
    2.49000000000000E+02     8.76000000000000E+02
    2.50000000000000E+02     9.71000000000000E+02
    2.51000000000000E+02     9.25000000000000E+02
    2.52000000000000E+02     9.26000000000000E+02
    2.53000000000000E+02     8.94000000000000E+02
    2.54000000000000E+02     1.11800000000000E+03
    2.55000000000000E+02     1.28300000000000E+03
    2.56000000000000E+02     1.28500000000000E+03
    2.57000000000000E+02     1.36800000000000E+03
    2.58000000000000E+02     1.33900000000000E+03
    2.59000000000000E+02     1.18900000000000E+03
    2.60000000000000E+02     1.18300000000000E+03
    2.61000000000000E+02     1.21000000000000E+03
    2.62000000000000E+02     1.36900000000000E+03
    2.63000000000000E+02     1.36300000000000E+03
    2.64000000000000E+02     1.50200000000000E+03
    2.65000000000000E+02     1.38000000000000E+03
    2.66000000000000E+02     1.68900000000000E+03
    2.67000000000000E+02     1.78100000000000E+03
    2.68000000000000E+02     1.75800000000000E+03
    2.69000000000000E+02     1.81000000000000E+03
    2.70000000000000E+02     1.91400000000000E+03
    2.71000000000000E+02     1.88400000000000E+03
    2.72000000000000E+02     1.80700000000000E+03
    2.73000000000000E+02     2.04700000000000E+03
    2.74000000000000E+02     2.18600000000000E+03
    2.75000000000000E+02     2.30200000000000E+03
    2.76000000000000E+02     2.71000000000000E+03
    2.77000000000000E+02     2.98800000000000E+03
    2.78000000000000E+02     3.03100000000000E+03
    2.79000000000000E+02     3.47900000000000E+03
    2.80000000000000E+02     3.45200000000000E+03
    2.81000000000000E+02     3.94000000000000E+03
    2.82000000000000E+02     4.16500000000000E+03
    2.83000000000000E+02     4.35800000000000E+03
    2.84000000000000E+02     4.60400000000000E+03
