    1.00000000000000E+00     8.61000000000000E+02
    2.00000000000000E+00     8.97000000000000E+02
    3.00000000000000E+00     9.69000000000000E+02
    4.00000000000000E+00     8.90000000000000E+02
    5.00000000000000E+00     9.32000000000000E+02
    6.00000000000000E+00     9.07000000000000E+02
    7.00000000000000E+00     8.48000000000000E+02
    8.00000000000000E+00     9.96000000000000E+02
    9.00000000000000E+00     9.07000000000000E+02
    1.00000000000000E+01     1.06200000000000E+03
    1.10000000000000E+01     1.03900000000000E+03
    1.20000000000000E+01     1.05900000000000E+03
    1.30000000000000E+01     1.10300000000000E+03
    1.40000000000000E+01     1.23000000000000E+03
    1.50000000000000E+01     1.31600000000000E+03
    1.60000000000000E+01     1.18400000000000E+03
    1.70000000000000E+01     1.22000000000000E+03
    1.80000000000000E+01     1.00900000000000E+03
    1.90000000000000E+01     9.66000000000000E+02
    2.00000000000000E+01     1.01800000000000E+03
    2.10000000000000E+01     9.01000000000000E+02
    2.20000000000000E+01     9.48000000000000E+02
    2.30000000000000E+01     8.01000000000000E+02
    2.40000000000000E+01     5.69000000000000E+02
    2.50000000000000E+01     6.08000000000000E+02
    2.60000000000000E+01     7.51000000000000E+02
    2.70000000000000E+01     7.23000000000000E+02
    2.80000000000000E+01     8.52000000000000E+02
    2.90000000000000E+01     8.98000000000000E+02
    3.00000000000000E+01     8.14000000000000E+02
    3.10000000000000E+01     7.72000000000000E+02
    3.20000000000000E+01     8.57000000000000E+02
    3.30000000000000E+01     9.98000000000000E+02
    3.40000000000000E+01     7.51000000000000E+02
    3.50000000000000E+01     6.80000000000000E+02
    3.60000000000000E+01     6.64000000000000E+02
    3.70000000000000E+01     8.20000000000000E+02
    3.80000000000000E+01     7.89000000000000E+02
    3.90000000000000E+01     9.15000000000000E+02
    4.00000000000000E+01     8.89000000000000E+02
    4.10000000000000E+01     9.71000000000000E+02
    4.20000000000000E+01     8.35000000000000E+02
    4.30000000000000E+01     8.44000000000000E+02
    4.40000000000000E+01     8.73000000000000E+02
    4.50000000000000E+01     1.00700000000000E+03
    4.60000000000000E+01     8.68000000000000E+02
    4.70000000000000E+01     9.49000000000000E+02
    4.80000000000000E+01     8.31000000000000E+02
    4.90000000000000E+01     8.29000000000000E+02
    5.00000000000000E+01     8.72000000000000E+02
    5.10000000000000E+01     8.44000000000000E+02
    5.20000000000000E+01     9.54000000000000E+02
    5.30000000000000E+01     8.38000000000000E+02
    5.40000000000000E+01     8.76000000000000E+02
    5.50000000000000E+01     9.03000000000000E+02
    5.60000000000000E+01     7.88000000000000E+02
    5.70000000000000E+01     7.15000000000000E+02
    5.80000000000000E+01     8.16000000000000E+02
    5.90000000000000E+01     9.28000000000000E+02
    6.00000000000000E+01     8.17000000000000E+02
    6.10000000000000E+01     9.68000000000000E+02
    6.20000000000000E+01     7.89000000000000E+02
    6.30000000000000E+01     6.70000000000000E+02
    6.40000000000000E+01     7.84000000000000E+02
    6.50000000000000E+01     7.94000000000000E+02
    6.60000000000000E+01     8.82000000000000E+02
    6.70000000000000E+01     9.46000000000000E+02
    6.80000000000000E+01     8.23000000000000E+02
    6.90000000000000E+01     9.24000000000000E+02
    7.00000000000000E+01     6.75000000000000E+02
    7.10000000000000E+01     5.70000000000000E+02
    7.20000000000000E+01     6.59000000000000E+02
    7.30000000000000E+01     6.61000000000000E+02
    7.40000000000000E+01     7.46000000000000E+02
    7.50000000000000E+01     9.06000000000000E+02
    7.60000000000000E+01     8.07000000000000E+02
    7.70000000000000E+01     8.40000000000000E+02
    7.80000000000000E+01     9.56000000000000E+02
    7.90000000000000E+01     8.59000000000000E+02
    8.00000000000000E+01     9.17000000000000E+02
    8.10000000000000E+01     7.60000000000000E+02
    8.20000000000000E+01     7.31000000000000E+02
    8.30000000000000E+01     7.98000000000000E+02
    8.40000000000000E+01     9.33000000000000E+02
    8.50000000000000E+01     8.91000000000000E+02
    8.60000000000000E+01     8.83000000000000E+02
    8.70000000000000E+01     8.02000000000000E+02
    8.80000000000000E+01     9.59000000000000E+02
    8.90000000000000E+01     9.10000000000000E+02
    9.00000000000000E+01     8.72000000000000E+02
    9.10000000000000E+01     1.00100000000000E+03
    9.20000000000000E+01     8.95000000000000E+02
    9.30000000000000E+01     1.06400000000000E+03
    9.40000000000000E+01     1.04300000000000E+03
    9.50000000000000E+01     9.80000000000000E+02
    9.60000000000000E+01     1.03200000000000E+03
    9.70000000000000E+01     8.84000000000000E+02
    9.80000000000000E+01     9.98000000000000E+02
    9.90000000000000E+01     8.32000000000000E+02
    1.00000000000000E+02     8.92000000000000E+02
    1.01000000000000E+02     8.94000000000000E+02
    1.02000000000000E+02     9.55000000000000E+02
    1.03000000000000E+02     8.06000000000000E+02
    1.04000000000000E+02     9.02000000000000E+02
    1.05000000000000E+02     9.24000000000000E+02
    1.06000000000000E+02     6.13000000000000E+02
    1.07000000000000E+02     4.94000000000000E+02
    1.08000000000000E+02     5.90000000000000E+02
    1.09000000000000E+02     7.06000000000000E+02
    1.10000000000000E+02     7.36000000000000E+02
    1.11000000000000E+02     7.27000000000000E+02
    1.12000000000000E+02     8.90000000000000E+02
    1.13000000000000E+02     8.52000000000000E+02
    1.14000000000000E+02     1.01800000000000E+03
    1.15000000000000E+02     8.57000000000000E+02
    1.16000000000000E+02     9.73000000000000E+02
    1.17000000000000E+02     8.34000000000000E+02
    1.18000000000000E+02     7.91000000000000E+02
    1.19000000000000E+02     8.97000000000000E+02
    1.20000000000000E+02     8.46000000000000E+02
    1.21000000000000E+02     8.76000000000000E+02
    1.22000000000000E+02     1.02500000000000E+03
    1.23000000000000E+02     8.69000000000000E+02
    1.24000000000000E+02     8.97000000000000E+02
    1.25000000000000E+02     9.67000000000000E+02
    1.26000000000000E+02     8.76000000000000E+02
    1.27000000000000E+02     1.01400000000000E+03
    1.28000000000000E+02     1.05700000000000E+03
    1.29000000000000E+02     1.17700000000000E+03
    1.30000000000000E+02     1.06500000000000E+03
    1.31000000000000E+02     8.95000000000000E+02
    1.32000000000000E+02     8.24000000000000E+02
    1.33000000000000E+02     7.95000000000000E+02
    1.34000000000000E+02     7.75000000000000E+02
    1.35000000000000E+02     9.03000000000000E+02
    1.36000000000000E+02     8.59000000000000E+02
    1.37000000000000E+02     9.80000000000000E+02
    1.38000000000000E+02     1.05100000000000E+03
    1.39000000000000E+02     9.38000000000000E+02
    1.40000000000000E+02     8.18000000000000E+02
    1.41000000000000E+02     8.66000000000000E+02
    1.42000000000000E+02     9.13000000000000E+02
    1.43000000000000E+02     8.39000000000000E+02
    1.44000000000000E+02     8.31000000000000E+02
    1.45000000000000E+02     9.09000000000000E+02
    1.46000000000000E+02     9.55000000000000E+02
    1.47000000000000E+02     7.69000000000000E+02
    1.48000000000000E+02     7.75000000000000E+02
    1.49000000000000E+02     7.73000000000000E+02
    1.50000000000000E+02     8.99000000000000E+02
    1.51000000000000E+02     8.71000000000000E+02
    1.52000000000000E+02     9.93000000000000E+02
    1.53000000000000E+02     9.65000000000000E+02
    1.54000000000000E+02     1.00900000000000E+03
    1.55000000000000E+02     9.65000000000000E+02
    1.56000000000000E+02     9.79000000000000E+02
    1.57000000000000E+02     9.12000000000000E+02
    1.58000000000000E+02     8.39000000000000E+02
    1.59000000000000E+02     6.49000000000000E+02
    1.60000000000000E+02     6.67000000000000E+02
    1.61000000000000E+02     7.95000000000000E+02
    1.62000000000000E+02     8.51000000000000E+02
    1.63000000000000E+02     9.80000000000000E+02
    1.64000000000000E+02     7.57000000000000E+02
    1.65000000000000E+02     7.43000000000000E+02
    1.66000000000000E+02     8.31000000000000E+02
    1.67000000000000E+02     9.01000000000000E+02
    1.68000000000000E+02     8.85000000000000E+02
    1.69000000000000E+02     8.89000000000000E+02
    1.70000000000000E+02     1.00400000000000E+03
    1.71000000000000E+02     9.52000000000000E+02
    1.72000000000000E+02     9.39000000000000E+02
    1.73000000000000E+02     1.01300000000000E+03
    1.74000000000000E+02     1.07800000000000E+03
    1.75000000000000E+02     1.08300000000000E+03
    1.76000000000000E+02     1.06100000000000E+03
    1.77000000000000E+02     1.17500000000000E+03
    1.78000000000000E+02     1.12500000000000E+03
    1.79000000000000E+02     1.13000000000000E+03
    1.80000000000000E+02     9.67000000000000E+02
    1.81000000000000E+02     9.07000000000000E+02
    1.82000000000000E+02     7.88000000000000E+02
    1.83000000000000E+02     4.69000000000000E+02
    1.84000000000000E+02     5.92000000000000E+02
    1.85000000000000E+02     7.47000000000000E+02
    1.86000000000000E+02     6.86000000000000E+02
    1.87000000000000E+02     7.42000000000000E+02
    1.88000000000000E+02     8.81000000000000E+02
    1.89000000000000E+02     9.88000000000000E+02
    1.90000000000000E+02     9.31000000000000E+02
    1.91000000000000E+02     9.38000000000000E+02
    1.92000000000000E+02     7.22000000000000E+02
    1.93000000000000E+02     7.27000000000000E+02
    1.94000000000000E+02     7.06000000000000E+02
    1.95000000000000E+02     8.01000000000000E+02
    1.96000000000000E+02     9.07000000000000E+02
    1.97000000000000E+02     6.88000000000000E+02
    1.98000000000000E+02     7.07000000000000E+02
    1.99000000000000E+02     7.94000000000000E+02
    2.00000000000000E+02     8.78000000000000E+02
    2.01000000000000E+02     7.99000000000000E+02
    2.02000000000000E+02     8.77000000000000E+02
    2.03000000000000E+02     8.47000000000000E+02
    2.04000000000000E+02     9.35000000000000E+02
    2.05000000000000E+02     8.45000000000000E+02
    2.06000000000000E+02     8.31000000000000E+02
    2.07000000000000E+02     8.51000000000000E+02
    2.08000000000000E+02     9.48000000000000E+02
    2.09000000000000E+02     9.90000000000000E+02
    2.10000000000000E+02     9.91000000000000E+02
    2.11000000000000E+02     9.26000000000000E+02
    2.12000000000000E+02     9.17000000000000E+02
    2.13000000000000E+02     9.77000000000000E+02
    2.14000000000000E+02     1.02800000000000E+03
    2.15000000000000E+02     8.89000000000000E+02
    2.16000000000000E+02     7.81000000000000E+02
    2.17000000000000E+02     9.34000000000000E+02
    2.18000000000000E+02     7.99000000000000E+02
    2.19000000000000E+02     7.99000000000000E+02
    2.20000000000000E+02     8.28000000000000E+02
    2.21000000000000E+02     9.42000000000000E+02
    2.22000000000000E+02     8.92000000000000E+02
    2.23000000000000E+02     8.94000000000000E+02
    2.24000000000000E+02     1.00400000000000E+03
    2.25000000000000E+02     9.12000000000000E+02
    2.26000000000000E+02     6.97000000000000E+02
    2.27000000000000E+02     6.24000000000000E+02
    2.28000000000000E+02     7.57000000000000E+02
    2.29000000000000E+02     7.23000000000000E+02
    2.30000000000000E+02     8.33000000000000E+02
    2.31000000000000E+02     8.78000000000000E+02
    2.32000000000000E+02     9.57000000000000E+02
    2.33000000000000E+02     8.98000000000000E+02
    2.34000000000000E+02     8.78000000000000E+02
    2.35000000000000E+02     9.45000000000000E+02
    2.36000000000000E+02     8.53000000000000E+02
    2.37000000000000E+02     8.74000000000000E+02
    2.38000000000000E+02     1.01700000000000E+03
    2.39000000000000E+02     9.65000000000000E+02
    2.40000000000000E+02     1.06200000000000E+03
    2.41000000000000E+02     1.01800000000000E+03
    2.42000000000000E+02     9.64000000000000E+02
    2.43000000000000E+02     9.06000000000000E+02
    2.44000000000000E+02     7.82000000000000E+02
    2.45000000000000E+02     6.30000000000000E+02
    2.46000000000000E+02     7.82000000000000E+02
    2.47000000000000E+02     7.80000000000000E+02
    2.48000000000000E+02     8.70000000000000E+02
    2.49000000000000E+02     8.81000000000000E+02
    2.50000000000000E+02     8.56000000000000E+02
    2.51000000000000E+02     8.51000000000000E+02
    2.52000000000000E+02     8.46000000000000E+02
    2.53000000000000E+02     1.03200000000000E+03
    2.54000000000000E+02     8.62000000000000E+02
    2.55000000000000E+02     9.50000000000000E+02
    2.56000000000000E+02     8.99000000000000E+02
    2.57000000000000E+02     9.51000000000000E+02
    2.58000000000000E+02     1.06900000000000E+03
    2.59000000000000E+02     9.63000000000000E+02
    2.60000000000000E+02     1.13600000000000E+03
    2.61000000000000E+02     1.06600000000000E+03
    2.62000000000000E+02     1.19300000000000E+03
    2.63000000000000E+02     1.23600000000000E+03
    2.64000000000000E+02     1.33600000000000E+03
    2.65000000000000E+02     1.42300000000000E+03
    2.66000000000000E+02     1.49600000000000E+03
    2.67000000000000E+02     1.52100000000000E+03
    2.68000000000000E+02     1.59600000000000E+03
    2.69000000000000E+02     1.55000000000000E+03
    2.70000000000000E+02     1.43700000000000E+03
    2.71000000000000E+02     1.44400000000000E+03
    2.72000000000000E+02     1.44100000000000E+03
    2.73000000000000E+02     1.64400000000000E+03
    2.74000000000000E+02     1.63300000000000E+03
    2.75000000000000E+02     1.57200000000000E+03
    2.76000000000000E+02     1.65400000000000E+03
    2.77000000000000E+02     1.54100000000000E+03
    2.78000000000000E+02     1.77600000000000E+03
    2.79000000000000E+02     1.72400000000000E+03
    2.80000000000000E+02     1.70400000000000E+03
    2.81000000000000E+02     1.94700000000000E+03
    2.82000000000000E+02     1.95700000000000E+03
    2.83000000000000E+02     1.95100000000000E+03
    2.84000000000000E+02     1.83700000000000E+03
    2.85000000000000E+02     2.04800000000000E+03
    2.86000000000000E+02     2.19000000000000E+03
    2.87000000000000E+02     2.46900000000000E+03
    2.88000000000000E+02     2.71900000000000E+03
    2.89000000000000E+02     2.85400000000000E+03
    2.90000000000000E+02     3.05600000000000E+03
    2.91000000000000E+02     3.17900000000000E+03
    2.92000000000000E+02     3.37300000000000E+03
    2.93000000000000E+02     3.71300000000000E+03
    2.94000000000000E+02     4.20000000000000E+03
    2.95000000000000E+02     4.63100000000000E+03
