    1.00000000000000E+00     1.91900000000000E+03
    2.00000000000000E+00     2.00400000000000E+03
    3.00000000000000E+00     2.36000000000000E+03
    4.00000000000000E+00     2.35400000000000E+03
    5.00000000000000E+00     2.59900000000000E+03
    6.00000000000000E+00     2.51000000000000E+03
    7.00000000000000E+00     2.41200000000000E+03
    8.00000000000000E+00     2.39200000000000E+03
    9.00000000000000E+00     2.44400000000000E+03
    1.00000000000000E+01     2.61600000000000E+03
    1.10000000000000E+01     2.46700000000000E+03
    1.20000000000000E+01     2.48400000000000E+03
    1.30000000000000E+01     2.68100000000000E+03
    1.40000000000000E+01     2.64300000000000E+03
    1.50000000000000E+01     2.61100000000000E+03
    1.60000000000000E+01     2.89900000000000E+03
    1.70000000000000E+01     2.88600000000000E+03
    1.80000000000000E+01     2.96700000000000E+03
    1.90000000000000E+01     2.93900000000000E+03
    2.00000000000000E+01     3.07200000000000E+03
    2.10000000000000E+01     3.13800000000000E+03
    2.20000000000000E+01     3.25900000000000E+03
    2.30000000000000E+01     3.53600000000000E+03
    2.40000000000000E+01     3.72000000000000E+03
    2.50000000000000E+01     3.86700000000000E+03
    2.60000000000000E+01     3.98700000000000E+03
    2.70000000000000E+01     4.11800000000000E+03
    2.80000000000000E+01     4.23400000000000E+03
    2.90000000000000E+01     4.43700000000000E+03
    3.00000000000000E+01     4.58100000000000E+03
    3.10000000000000E+01     5.00900000000000E+03
    3.20000000000000E+01     4.90800000000000E+03
    3.30000000000000E+01     5.13200000000000E+03
    3.40000000000000E+01     5.35100000000000E+03
    3.50000000000000E+01     5.77100000000000E+03
    3.60000000000000E+01     5.95000000000000E+03
    3.70000000000000E+01     6.34500000000000E+03
    3.80000000000000E+01     6.99600000000000E+03
    3.90000000000000E+01     7.64700000000000E+03
    4.00000000000000E+01     7.91800000000000E+03
    4.10000000000000E+01     8.83900000000000E+03
    4.20000000000000E+01     9.19600000000000E+03
