    1.00000000000000E+00     1.56700000000000E+03
    2.00000000000000E+00     1.66400000000000E+03
    3.00000000000000E+00     1.72200000000000E+03
    4.00000000000000E+00     2.02400000000000E+03
    5.00000000000000E+00     1.96600000000000E+03
    6.00000000000000E+00     2.01900000000000E+03
    7.00000000000000E+00     1.98000000000000E+03
    8.00000000000000E+00     1.98100000000000E+03
    9.00000000000000E+00     1.91600000000000E+03
    1.00000000000000E+01     1.91200000000000E+03
    1.10000000000000E+01     1.65800000000000E+03
    1.20000000000000E+01     1.51200000000000E+03
    1.30000000000000E+01     1.67900000000000E+03
    1.40000000000000E+01     1.88900000000000E+03
    1.50000000000000E+01     1.76400000000000E+03
    1.60000000000000E+01     1.88100000000000E+03
    1.70000000000000E+01     1.63700000000000E+03
    1.80000000000000E+01     1.59400000000000E+03
    1.90000000000000E+01     1.76800000000000E+03
    2.00000000000000E+01     1.74900000000000E+03
    2.10000000000000E+01     1.86300000000000E+03
    2.20000000000000E+01     1.90200000000000E+03
    2.30000000000000E+01     2.21500000000000E+03
    2.40000000000000E+01     2.29700000000000E+03
    2.50000000000000E+01     2.23900000000000E+03
    2.60000000000000E+01     2.42500000000000E+03
    2.70000000000000E+01     2.64500000000000E+03
    2.80000000000000E+01     2.67900000000000E+03
    2.90000000000000E+01     2.63900000000000E+03
    3.00000000000000E+01     2.87000000000000E+03
    3.10000000000000E+01     2.87500000000000E+03
    3.20000000000000E+01     2.89600000000000E+03
    3.30000000000000E+01     2.84800000000000E+03
    3.40000000000000E+01     3.01300000000000E+03
    3.50000000000000E+01     3.09800000000000E+03
    3.60000000000000E+01     3.18500000000000E+03
    3.70000000000000E+01     3.27600000000000E+03
    3.80000000000000E+01     3.44800000000000E+03
    3.90000000000000E+01     3.65500000000000E+03
    4.00000000000000E+01     3.78300000000000E+03
    4.10000000000000E+01     3.97400000000000E+03
    4.20000000000000E+01     4.02200000000000E+03
    4.30000000000000E+01     4.27600000000000E+03
    4.40000000000000E+01     4.04800000000000E+03
    4.50000000000000E+01     4.32100000000000E+03
    4.60000000000000E+01     4.31800000000000E+03
    4.70000000000000E+01     4.45400000000000E+03
    4.80000000000000E+01     4.94100000000000E+03
    4.90000000000000E+01     5.38000000000000E+03
    5.00000000000000E+01     5.19500000000000E+03
    5.10000000000000E+01     5.54500000000000E+03
    5.20000000000000E+01     5.47200000000000E+03
    5.30000000000000E+01     5.96300000000000E+03
    5.40000000000000E+01     6.09900000000000E+03
    5.50000000000000E+01     6.55100000000000E+03
    5.60000000000000E+01     6.82200000000000E+03
    5.70000000000000E+01     7.19400000000000E+03
    5.80000000000000E+01     7.81600000000000E+03
    5.90000000000000E+01     8.20500000000000E+03
    6.00000000000000E+01     8.89400000000000E+03
    6.10000000000000E+01     9.41700000000000E+03
