    1.00000000000000E+00     1.71600000000000E+03
    2.00000000000000E+00     1.81400000000000E+03
    3.00000000000000E+00     1.82900000000000E+03
    4.00000000000000E+00     2.04100000000000E+03
    5.00000000000000E+00     1.73700000000000E+03
    6.00000000000000E+00     1.79200000000000E+03
    7.00000000000000E+00     1.73600000000000E+03
    8.00000000000000E+00     1.85600000000000E+03
    9.00000000000000E+00     1.84900000000000E+03
    1.00000000000000E+01     1.85200000000000E+03
    1.10000000000000E+01     1.74900000000000E+03
    1.20000000000000E+01     1.78900000000000E+03
    1.30000000000000E+01     1.69700000000000E+03
    1.40000000000000E+01     1.75500000000000E+03
    1.50000000000000E+01     1.79700000000000E+03
    1.60000000000000E+01     1.66700000000000E+03
    1.70000000000000E+01     1.83300000000000E+03
    1.80000000000000E+01     1.80400000000000E+03
    1.90000000000000E+01     1.82300000000000E+03
    2.00000000000000E+01     1.81900000000000E+03
    2.10000000000000E+01     1.87500000000000E+03
    2.20000000000000E+01     1.79400000000000E+03
    2.30000000000000E+01     1.76600000000000E+03
    2.40000000000000E+01     1.81400000000000E+03
    2.50000000000000E+01     1.84900000000000E+03
    2.60000000000000E+01     2.02400000000000E+03
    2.70000000000000E+01     1.88700000000000E+03
    2.80000000000000E+01     1.72500000000000E+03
    2.90000000000000E+01     1.74400000000000E+03
    3.00000000000000E+01     1.99700000000000E+03
    3.10000000000000E+01     1.93300000000000E+03
    3.20000000000000E+01     1.79500000000000E+03
    3.30000000000000E+01     1.86600000000000E+03
    3.40000000000000E+01     1.80300000000000E+03
    3.50000000000000E+01     1.74000000000000E+03
    3.60000000000000E+01     1.73700000000000E+03
    3.70000000000000E+01     1.96200000000000E+03
    3.80000000000000E+01     1.73900000000000E+03
    3.90000000000000E+01     1.86100000000000E+03
    4.00000000000000E+01     1.78200000000000E+03
    4.10000000000000E+01     1.87600000000000E+03
    4.20000000000000E+01     2.00200000000000E+03
    4.30000000000000E+01     1.95500000000000E+03
    4.40000000000000E+01     1.81600000000000E+03
    4.50000000000000E+01     1.83600000000000E+03
    4.60000000000000E+01     1.71900000000000E+03
    4.70000000000000E+01     1.59500000000000E+03
    4.80000000000000E+01     1.75700000000000E+03
    4.90000000000000E+01     1.81200000000000E+03
    5.00000000000000E+01     1.75100000000000E+03
    5.10000000000000E+01     1.73000000000000E+03
    5.20000000000000E+01     1.70900000000000E+03
    5.30000000000000E+01     1.81200000000000E+03
    5.40000000000000E+01     1.88700000000000E+03
    5.50000000000000E+01     1.95400000000000E+03
    5.60000000000000E+01     1.89500000000000E+03
    5.70000000000000E+01     1.85500000000000E+03
    5.80000000000000E+01     1.85300000000000E+03
    5.90000000000000E+01     1.94300000000000E+03
    6.00000000000000E+01     1.99500000000000E+03
    6.10000000000000E+01     2.01800000000000E+03
    6.20000000000000E+01     2.05000000000000E+03
    6.30000000000000E+01     2.08300000000000E+03
    6.40000000000000E+01     2.11100000000000E+03
    6.50000000000000E+01     2.04900000000000E+03
    6.60000000000000E+01     2.10300000000000E+03
    6.70000000000000E+01     2.27100000000000E+03
    6.80000000000000E+01     2.18500000000000E+03
    6.90000000000000E+01     2.28400000000000E+03
    7.00000000000000E+01     2.38600000000000E+03
    7.10000000000000E+01     2.39100000000000E+03
    7.20000000000000E+01     2.39500000000000E+03
    7.30000000000000E+01     2.55400000000000E+03
    7.40000000000000E+01     2.65700000000000E+03
    7.50000000000000E+01     2.72700000000000E+03
    7.60000000000000E+01     2.94300000000000E+03
    7.70000000000000E+01     2.70700000000000E+03
    7.80000000000000E+01     2.46000000000000E+03
    7.90000000000000E+01     2.49700000000000E+03
    8.00000000000000E+01     2.53400000000000E+03
    8.10000000000000E+01     2.79700000000000E+03
    8.20000000000000E+01     2.81900000000000E+03
    8.30000000000000E+01     2.87200000000000E+03
    8.40000000000000E+01     3.08400000000000E+03
    8.50000000000000E+01     3.34800000000000E+03
    8.60000000000000E+01     3.43200000000000E+03
    8.70000000000000E+01     3.51400000000000E+03
    8.80000000000000E+01     3.51400000000000E+03
    8.90000000000000E+01     3.61400000000000E+03
    9.00000000000000E+01     3.94600000000000E+03
    9.10000000000000E+01     4.05200000000000E+03
    9.20000000000000E+01     4.48700000000000E+03
    9.30000000000000E+01     4.67400000000000E+03
    9.40000000000000E+01     4.72800000000000E+03
    9.50000000000000E+01     4.67200000000000E+03
    9.60000000000000E+01     5.25700000000000E+03
    9.70000000000000E+01     5.46400000000000E+03
    9.80000000000000E+01     5.48700000000000E+03
    9.90000000000000E+01     5.77200000000000E+03
    1.00000000000000E+02     6.40500000000000E+03
    1.01000000000000E+02     7.16000000000000E+03
    1.02000000000000E+02     7.41700000000000E+03
    1.03000000000000E+02     8.04000000000000E+03
    1.04000000000000E+02     8.35000000000000E+03
    1.05000000000000E+02     9.22900000000000E+03
