    1.00000000000000E+00     1.75700000000000E+03
    2.00000000000000E+00     1.99800000000000E+03
    3.00000000000000E+00     1.85600000000000E+03
    4.00000000000000E+00     1.96500000000000E+03
    5.00000000000000E+00     1.93300000000000E+03
    6.00000000000000E+00     1.92100000000000E+03
    7.00000000000000E+00     1.76700000000000E+03
    8.00000000000000E+00     1.70100000000000E+03
    9.00000000000000E+00     1.60200000000000E+03
    1.00000000000000E+01     1.80900000000000E+03
    1.10000000000000E+01     1.67900000000000E+03
    1.20000000000000E+01     1.75900000000000E+03
    1.30000000000000E+01     1.61900000000000E+03
    1.40000000000000E+01     1.86100000000000E+03
    1.50000000000000E+01     1.91400000000000E+03
    1.60000000000000E+01     1.85800000000000E+03
    1.70000000000000E+01     1.84100000000000E+03
    1.80000000000000E+01     1.53500000000000E+03
    1.90000000000000E+01     1.40400000000000E+03
    2.00000000000000E+01     1.51900000000000E+03
    2.10000000000000E+01     1.59200000000000E+03
    2.20000000000000E+01     1.72200000000000E+03
    2.30000000000000E+01     2.01600000000000E+03
    2.40000000000000E+01     1.79300000000000E+03
    2.50000000000000E+01     1.94400000000000E+03
    2.60000000000000E+01     1.81000000000000E+03
    2.70000000000000E+01     1.75500000000000E+03
    2.80000000000000E+01     1.86300000000000E+03
    2.90000000000000E+01     1.76400000000000E+03
    3.00000000000000E+01     2.03400000000000E+03
    3.10000000000000E+01     2.06800000000000E+03
    3.20000000000000E+01     2.18800000000000E+03
    3.30000000000000E+01     2.31000000000000E+03
    3.40000000000000E+01     2.29900000000000E+03
    3.50000000000000E+01     2.01800000000000E+03
    3.60000000000000E+01     1.95800000000000E+03
    3.70000000000000E+01     1.93900000000000E+03
    3.80000000000000E+01     1.91200000000000E+03
    3.90000000000000E+01     1.79200000000000E+03
    4.00000000000000E+01     1.80500000000000E+03
    4.10000000000000E+01     1.85700000000000E+03
    4.20000000000000E+01     1.67500000000000E+03
    4.30000000000000E+01     1.71300000000000E+03
    4.40000000000000E+01     1.74500000000000E+03
    4.50000000000000E+01     1.87700000000000E+03
    4.60000000000000E+01     1.79000000000000E+03
    4.70000000000000E+01     1.83100000000000E+03
    4.80000000000000E+01     1.74000000000000E+03
    4.90000000000000E+01     1.73100000000000E+03
    5.00000000000000E+01     2.02500000000000E+03
    5.10000000000000E+01     1.87500000000000E+03
    5.20000000000000E+01     1.71700000000000E+03
    5.30000000000000E+01     1.72500000000000E+03
    5.40000000000000E+01     1.88700000000000E+03
    5.50000000000000E+01     1.81100000000000E+03
    5.60000000000000E+01     1.94900000000000E+03
    5.70000000000000E+01     1.87500000000000E+03
    5.80000000000000E+01     1.89000000000000E+03
    5.90000000000000E+01     1.75900000000000E+03
    6.00000000000000E+01     1.85400000000000E+03
    6.10000000000000E+01     1.81700000000000E+03
    6.20000000000000E+01     1.72000000000000E+03
    6.30000000000000E+01     1.76400000000000E+03
    6.40000000000000E+01     1.89100000000000E+03
    6.50000000000000E+01     1.94100000000000E+03
    6.60000000000000E+01     1.90200000000000E+03
    6.70000000000000E+01     1.89500000000000E+03
    6.80000000000000E+01     1.85200000000000E+03
    6.90000000000000E+01     1.87900000000000E+03
    7.00000000000000E+01     1.98600000000000E+03
    7.10000000000000E+01     2.07600000000000E+03
    7.20000000000000E+01     2.14000000000000E+03
    7.30000000000000E+01     2.10800000000000E+03
    7.40000000000000E+01     2.12200000000000E+03
    7.50000000000000E+01     1.92300000000000E+03
    7.60000000000000E+01     1.94900000000000E+03
    7.70000000000000E+01     1.93800000000000E+03
    7.80000000000000E+01     1.83400000000000E+03
    7.90000000000000E+01     1.85800000000000E+03
    8.00000000000000E+01     1.98000000000000E+03
    8.10000000000000E+01     1.81800000000000E+03
    8.20000000000000E+01     1.89100000000000E+03
    8.30000000000000E+01     1.74800000000000E+03
    8.40000000000000E+01     1.29600000000000E+03
    8.50000000000000E+01     1.44900000000000E+03
    8.60000000000000E+01     1.56400000000000E+03
    8.70000000000000E+01     1.60100000000000E+03
    8.80000000000000E+01     1.66800000000000E+03
    8.90000000000000E+01     1.84100000000000E+03
    9.00000000000000E+01     1.57700000000000E+03
    9.10000000000000E+01     1.50100000000000E+03
    9.20000000000000E+01     1.61900000000000E+03
    9.30000000000000E+01     1.71900000000000E+03
    9.40000000000000E+01     1.83100000000000E+03
    9.50000000000000E+01     1.56100000000000E+03
    9.60000000000000E+01     1.51300000000000E+03
    9.70000000000000E+01     1.68500000000000E+03
    9.80000000000000E+01     1.78000000000000E+03
    9.90000000000000E+01     1.85700000000000E+03
    1.00000000000000E+02     1.96100000000000E+03
    1.01000000000000E+02     1.99300000000000E+03
    1.02000000000000E+02     2.01800000000000E+03
    1.03000000000000E+02     1.96500000000000E+03
    1.04000000000000E+02     1.85000000000000E+03
    1.05000000000000E+02     1.86700000000000E+03
    1.06000000000000E+02     1.93400000000000E+03
    1.07000000000000E+02     1.89100000000000E+03
    1.08000000000000E+02     1.71200000000000E+03
    1.09000000000000E+02     1.32500000000000E+03
    1.10000000000000E+02     1.36300000000000E+03
    1.11000000000000E+02     1.50600000000000E+03
    1.12000000000000E+02     1.69700000000000E+03
    1.13000000000000E+02     1.77700000000000E+03
    1.14000000000000E+02     1.94300000000000E+03
    1.15000000000000E+02     1.85500000000000E+03
    1.16000000000000E+02     1.80100000000000E+03
    1.17000000000000E+02     1.96600000000000E+03
    1.18000000000000E+02     2.08000000000000E+03
    1.19000000000000E+02     2.22500000000000E+03
    1.20000000000000E+02     2.15400000000000E+03
    1.21000000000000E+02     2.23900000000000E+03
    1.22000000000000E+02     2.08000000000000E+03
    1.23000000000000E+02     2.18500000000000E+03
    1.24000000000000E+02     2.32800000000000E+03
    1.25000000000000E+02     2.33600000000000E+03
    1.26000000000000E+02     2.53200000000000E+03
    1.27000000000000E+02     2.53400000000000E+03
    1.28000000000000E+02     2.58000000000000E+03
    1.29000000000000E+02     2.29700000000000E+03
    1.30000000000000E+02     2.31700000000000E+03
    1.31000000000000E+02     2.30600000000000E+03
    1.32000000000000E+02     2.19200000000000E+03
    1.33000000000000E+02     2.23500000000000E+03
    1.34000000000000E+02     2.47200000000000E+03
    1.35000000000000E+02     2.36200000000000E+03
    1.36000000000000E+02     2.44700000000000E+03
    1.37000000000000E+02     2.27600000000000E+03
    1.38000000000000E+02     2.39800000000000E+03
    1.39000000000000E+02     2.24400000000000E+03
    1.40000000000000E+02     2.40200000000000E+03
    1.41000000000000E+02     2.17000000000000E+03
    1.42000000000000E+02     2.23000000000000E+03
    1.43000000000000E+02     2.06000000000000E+03
    1.44000000000000E+02     2.08800000000000E+03
    1.45000000000000E+02     1.92100000000000E+03
    1.46000000000000E+02     1.77200000000000E+03
    1.47000000000000E+02     1.04200000000000E+03
    1.48000000000000E+02     1.24100000000000E+03
    1.49000000000000E+02     1.37000000000000E+03
    1.50000000000000E+02     1.53500000000000E+03
    1.51000000000000E+02     1.61700000000000E+03
    1.52000000000000E+02     1.84300000000000E+03
    1.53000000000000E+02     1.76200000000000E+03
    1.54000000000000E+02     1.93100000000000E+03
    1.55000000000000E+02     1.66400000000000E+03
    1.56000000000000E+02     1.65500000000000E+03
    1.57000000000000E+02     1.63500000000000E+03
    1.58000000000000E+02     1.83700000000000E+03
    1.59000000000000E+02     1.70500000000000E+03
    1.60000000000000E+02     1.52500000000000E+03
    1.61000000000000E+02     1.61500000000000E+03
    1.62000000000000E+02     1.62300000000000E+03
    1.63000000000000E+02     1.89800000000000E+03
    1.64000000000000E+02     1.80100000000000E+03
    1.65000000000000E+02     1.89700000000000E+03
    1.66000000000000E+02     2.01800000000000E+03
    1.67000000000000E+02     1.93600000000000E+03
    1.68000000000000E+02     1.79500000000000E+03
    1.69000000000000E+02     1.86600000000000E+03
    1.70000000000000E+02     1.88900000000000E+03
    1.71000000000000E+02     1.77000000000000E+03
    1.72000000000000E+02     1.74300000000000E+03
    1.73000000000000E+02     1.88500000000000E+03
    1.74000000000000E+02     2.05000000000000E+03
    1.75000000000000E+02     1.98300000000000E+03
    1.76000000000000E+02     1.96500000000000E+03
    1.77000000000000E+02     1.97500000000000E+03
    1.78000000000000E+02     2.00200000000000E+03
    1.79000000000000E+02     2.31500000000000E+03
    1.80000000000000E+02     2.21400000000000E+03
    1.81000000000000E+02     2.50800000000000E+03
    1.82000000000000E+02     2.13600000000000E+03
    1.83000000000000E+02     2.13600000000000E+03
    1.84000000000000E+02     2.34000000000000E+03
    1.85000000000000E+02     2.31800000000000E+03
    1.86000000000000E+02     2.26700000000000E+03
    1.87000000000000E+02     2.36200000000000E+03
    1.88000000000000E+02     2.32400000000000E+03
    1.89000000000000E+02     2.32700000000000E+03
    1.90000000000000E+02     2.35300000000000E+03
    1.91000000000000E+02     2.23100000000000E+03
    1.92000000000000E+02     2.07600000000000E+03
    1.93000000000000E+02     2.10900000000000E+03
    1.94000000000000E+02     2.26400000000000E+03
    1.95000000000000E+02     2.24200000000000E+03
    1.96000000000000E+02     2.17300000000000E+03
    1.97000000000000E+02     2.24100000000000E+03
    1.98000000000000E+02     2.10800000000000E+03
    1.99000000000000E+02     1.93600000000000E+03
    2.00000000000000E+02     1.91000000000000E+03
    2.01000000000000E+02     1.83600000000000E+03
    2.02000000000000E+02     1.74900000000000E+03
    2.03000000000000E+02     1.39600000000000E+03
    2.04000000000000E+02     1.57100000000000E+03
    2.05000000000000E+02     1.65600000000000E+03
    2.06000000000000E+02     1.73000000000000E+03
    2.07000000000000E+02     1.86400000000000E+03
    2.08000000000000E+02     1.79700000000000E+03
    2.09000000000000E+02     2.00600000000000E+03
    2.10000000000000E+02     2.20200000000000E+03
    2.11000000000000E+02     2.37100000000000E+03
    2.12000000000000E+02     2.36400000000000E+03
    2.13000000000000E+02     2.37200000000000E+03
    2.14000000000000E+02     2.27900000000000E+03
    2.15000000000000E+02     2.45300000000000E+03
    2.16000000000000E+02     2.53400000000000E+03
    2.17000000000000E+02     2.72100000000000E+03
    2.18000000000000E+02     2.61700000000000E+03
    2.19000000000000E+02     2.60000000000000E+03
    2.20000000000000E+02     2.49100000000000E+03
    2.21000000000000E+02     2.54300000000000E+03
    2.22000000000000E+02     2.29500000000000E+03
    2.23000000000000E+02     2.58300000000000E+03
    2.24000000000000E+02     2.54100000000000E+03
    2.25000000000000E+02     2.70100000000000E+03
    2.26000000000000E+02     2.83800000000000E+03
    2.27000000000000E+02     2.83800000000000E+03
    2.28000000000000E+02     2.94900000000000E+03
    2.29000000000000E+02     3.13400000000000E+03
    2.30000000000000E+02     3.16900000000000E+03
    2.31000000000000E+02     3.13300000000000E+03
    2.32000000000000E+02     3.25200000000000E+03
    2.33000000000000E+02     3.25300000000000E+03
    2.34000000000000E+02     3.29600000000000E+03
    2.35000000000000E+02     3.49900000000000E+03
    2.36000000000000E+02     3.36600000000000E+03
    2.37000000000000E+02     3.62400000000000E+03
    2.38000000000000E+02     3.44700000000000E+03
    2.39000000000000E+02     3.52000000000000E+03
    2.40000000000000E+02     3.55500000000000E+03
    2.41000000000000E+02     3.64600000000000E+03
    2.42000000000000E+02     3.71800000000000E+03
    2.43000000000000E+02     3.74200000000000E+03
    2.44000000000000E+02     3.91800000000000E+03
    2.45000000000000E+02     4.19400000000000E+03
    2.46000000000000E+02     4.56700000000000E+03
    2.47000000000000E+02     4.74500000000000E+03
    2.48000000000000E+02     5.19900000000000E+03
    2.49000000000000E+02     5.72300000000000E+03
    2.50000000000000E+02     6.02900000000000E+03
    2.51000000000000E+02     6.53700000000000E+03
    2.52000000000000E+02     6.74900000000000E+03
    2.53000000000000E+02     7.32900000000000E+03
    2.54000000000000E+02     7.94600000000000E+03
    2.55000000000000E+02     8.34900000000000E+03
    2.56000000000000E+02     8.82000000000000E+03
    2.57000000000000E+02     9.92900000000000E+03
