    1.00000000000000E+00     1.52700000000000E+03
    2.00000000000000E+00     1.69900000000000E+03
    3.00000000000000E+00     1.81700000000000E+03
    4.00000000000000E+00     1.76200000000000E+03
    5.00000000000000E+00     1.81300000000000E+03
    6.00000000000000E+00     1.86000000000000E+03
    7.00000000000000E+00     1.74400000000000E+03
    8.00000000000000E+00     1.84600000000000E+03
    9.00000000000000E+00     1.74500000000000E+03
    1.00000000000000E+01     1.79200000000000E+03
    1.10000000000000E+01     1.69400000000000E+03
    1.20000000000000E+01     1.60200000000000E+03
    1.30000000000000E+01     1.65000000000000E+03
    1.40000000000000E+01     1.67600000000000E+03
    1.50000000000000E+01     1.86400000000000E+03
    1.60000000000000E+01     1.99700000000000E+03
    1.70000000000000E+01     2.13500000000000E+03
    1.80000000000000E+01     2.11400000000000E+03
    1.90000000000000E+01     2.00900000000000E+03
    2.00000000000000E+01     2.15100000000000E+03
    2.10000000000000E+01     2.14900000000000E+03
    2.20000000000000E+01     2.24200000000000E+03
    2.30000000000000E+01     2.34100000000000E+03
    2.40000000000000E+01     2.45700000000000E+03
    2.50000000000000E+01     2.41500000000000E+03
    2.60000000000000E+01     2.42200000000000E+03
    2.70000000000000E+01     2.72400000000000E+03
    2.80000000000000E+01     2.82000000000000E+03
    2.90000000000000E+01     2.96500000000000E+03
    3.00000000000000E+01     3.02400000000000E+03
    3.10000000000000E+01     3.07500000000000E+03
    3.20000000000000E+01     3.13400000000000E+03
    3.30000000000000E+01     3.15500000000000E+03
    3.40000000000000E+01     3.27400000000000E+03
    3.50000000000000E+01     3.27100000000000E+03
    3.60000000000000E+01     3.20300000000000E+03
    3.70000000000000E+01     3.48600000000000E+03
    3.80000000000000E+01     3.80600000000000E+03
    3.90000000000000E+01     3.94000000000000E+03
    4.00000000000000E+01     3.97600000000000E+03
    4.10000000000000E+01     4.22800000000000E+03
    4.20000000000000E+01     4.17700000000000E+03
    4.30000000000000E+01     4.36000000000000E+03
    4.40000000000000E+01     4.59500000000000E+03
    4.50000000000000E+01     4.65600000000000E+03
    4.60000000000000E+01     4.99800000000000E+03
    4.70000000000000E+01     5.20600000000000E+03
    4.80000000000000E+01     5.39900000000000E+03
    4.90000000000000E+01     5.76700000000000E+03
    5.00000000000000E+01     6.08200000000000E+03
    5.10000000000000E+01     6.68600000000000E+03
    5.20000000000000E+01     7.34900000000000E+03
    5.30000000000000E+01     8.15100000000000E+03
    5.40000000000000E+01     8.75000000000000E+03
    5.50000000000000E+01     9.37200000000000E+03
