    1.00000000000000E+00     1.63700000000000E+03
    2.00000000000000E+00     1.79400000000000E+03
    3.00000000000000E+00     1.94200000000000E+03
    4.00000000000000E+00     2.00100000000000E+03
    5.00000000000000E+00     2.04900000000000E+03
    6.00000000000000E+00     2.14500000000000E+03
    7.00000000000000E+00     1.98900000000000E+03
    8.00000000000000E+00     1.94300000000000E+03
    9.00000000000000E+00     1.82300000000000E+03
    1.00000000000000E+01     1.81000000000000E+03
    1.10000000000000E+01     1.73700000000000E+03
    1.20000000000000E+01     1.67600000000000E+03
    1.30000000000000E+01     1.73900000000000E+03
    1.40000000000000E+01     1.90100000000000E+03
    1.50000000000000E+01     2.00500000000000E+03
    1.60000000000000E+01     2.16500000000000E+03
    1.70000000000000E+01     1.98400000000000E+03
    1.80000000000000E+01     2.06900000000000E+03
    1.90000000000000E+01     1.91500000000000E+03
    2.00000000000000E+01     2.05400000000000E+03
    2.10000000000000E+01     1.81500000000000E+03
    2.20000000000000E+01     1.74200000000000E+03
    2.30000000000000E+01     1.48200000000000E+03
    2.40000000000000E+01     1.62800000000000E+03
    2.50000000000000E+01     1.81400000000000E+03
    2.60000000000000E+01     1.59900000000000E+03
    2.70000000000000E+01     1.53400000000000E+03
    2.80000000000000E+01     1.47700000000000E+03
    2.90000000000000E+01     1.65700000000000E+03
    3.00000000000000E+01     1.87300000000000E+03
    3.10000000000000E+01     1.87600000000000E+03
    3.20000000000000E+01     1.75800000000000E+03
    3.30000000000000E+01     1.90400000000000E+03
    3.40000000000000E+01     1.75100000000000E+03
    3.50000000000000E+01     1.73200000000000E+03
    3.60000000000000E+01     1.82000000000000E+03
    3.70000000000000E+01     1.50200000000000E+03
    3.80000000000000E+01     1.35200000000000E+03
    3.90000000000000E+01     1.39700000000000E+03
    4.00000000000000E+01     1.59600000000000E+03
    4.10000000000000E+01     1.73700000000000E+03
    4.20000000000000E+01     1.87200000000000E+03
    4.30000000000000E+01     1.89100000000000E+03
    4.40000000000000E+01     1.88700000000000E+03
    4.50000000000000E+01     1.89600000000000E+03
    4.60000000000000E+01     1.79700000000000E+03
    4.70000000000000E+01     1.78600000000000E+03
    4.80000000000000E+01     1.91000000000000E+03
    4.90000000000000E+01     1.89500000000000E+03
    5.00000000000000E+01     2.00600000000000E+03
    5.10000000000000E+01     1.83000000000000E+03
    5.20000000000000E+01     1.95800000000000E+03
    5.30000000000000E+01     1.96700000000000E+03
    5.40000000000000E+01     2.22300000000000E+03
    5.50000000000000E+01     2.10400000000000E+03
    5.60000000000000E+01     1.94900000000000E+03
    5.70000000000000E+01     1.88000000000000E+03
    5.80000000000000E+01     1.83700000000000E+03
    5.90000000000000E+01     1.68800000000000E+03
    6.00000000000000E+01     1.39200000000000E+03
    6.10000000000000E+01     1.42100000000000E+03
    6.20000000000000E+01     1.50800000000000E+03
    6.30000000000000E+01     1.66900000000000E+03
    6.40000000000000E+01     1.84900000000000E+03
    6.50000000000000E+01     1.67500000000000E+03
    6.60000000000000E+01     1.59400000000000E+03
    6.70000000000000E+01     1.68400000000000E+03
    6.80000000000000E+01     1.64600000000000E+03
    6.90000000000000E+01     1.66300000000000E+03
    7.00000000000000E+01     1.72400000000000E+03
    7.10000000000000E+01     1.97300000000000E+03
    7.20000000000000E+01     1.98600000000000E+03
    7.30000000000000E+01     1.65000000000000E+03
    7.40000000000000E+01     1.52500000000000E+03
    7.50000000000000E+01     1.54100000000000E+03
    7.60000000000000E+01     1.69100000000000E+03
    7.70000000000000E+01     1.85200000000000E+03
    7.80000000000000E+01     1.52600000000000E+03
    7.90000000000000E+01     1.49300000000000E+03
    8.00000000000000E+01     1.55300000000000E+03
    8.10000000000000E+01     1.73700000000000E+03
    8.20000000000000E+01     1.89500000000000E+03
    8.30000000000000E+01     1.73900000000000E+03
    8.40000000000000E+01     1.76500000000000E+03
    8.50000000000000E+01     2.04700000000000E+03
    8.60000000000000E+01     1.95100000000000E+03
    8.70000000000000E+01     1.74600000000000E+03
    8.80000000000000E+01     2.02300000000000E+03
    8.90000000000000E+01     1.80200000000000E+03
    9.00000000000000E+01     1.71200000000000E+03
    9.10000000000000E+01     1.85500000000000E+03
    9.20000000000000E+01     1.55200000000000E+03
    9.30000000000000E+01     1.40500000000000E+03
    9.40000000000000E+01     1.40800000000000E+03
    9.50000000000000E+01     1.57500000000000E+03
    9.60000000000000E+01     1.80900000000000E+03
    9.70000000000000E+01     1.53400000000000E+03
    9.80000000000000E+01     1.50000000000000E+03
    9.90000000000000E+01     1.53900000000000E+03
    1.00000000000000E+02     1.64100000000000E+03
    1.01000000000000E+02     1.73800000000000E+03
    1.02000000000000E+02     1.77000000000000E+03
    1.03000000000000E+02     1.95700000000000E+03
    1.04000000000000E+02     1.98700000000000E+03
    1.05000000000000E+02     1.93800000000000E+03
    1.06000000000000E+02     1.70700000000000E+03
    1.07000000000000E+02     1.75500000000000E+03
    1.08000000000000E+02     1.77900000000000E+03
    1.09000000000000E+02     1.83500000000000E+03
    1.10000000000000E+02     1.91300000000000E+03
    1.11000000000000E+02     1.87800000000000E+03
    1.12000000000000E+02     1.69200000000000E+03
    1.13000000000000E+02     1.94000000000000E+03
    1.14000000000000E+02     1.49400000000000E+03
    1.15000000000000E+02     1.44700000000000E+03
    1.16000000000000E+02     1.60600000000000E+03
    1.17000000000000E+02     1.81300000000000E+03
    1.18000000000000E+02     1.64800000000000E+03
    1.19000000000000E+02     1.59800000000000E+03
    1.20000000000000E+02     1.58100000000000E+03
    1.21000000000000E+02     1.70000000000000E+03
    1.22000000000000E+02     1.81200000000000E+03
    1.23000000000000E+02     1.43000000000000E+03
    1.24000000000000E+02     1.39700000000000E+03
    1.25000000000000E+02     1.39900000000000E+03
    1.26000000000000E+02     1.52300000000000E+03
    1.27000000000000E+02     1.65600000000000E+03
    1.28000000000000E+02     1.86700000000000E+03
    1.29000000000000E+02     1.75200000000000E+03
    1.30000000000000E+02     1.75200000000000E+03
    1.31000000000000E+02     2.04200000000000E+03
    1.32000000000000E+02     1.82500000000000E+03
    1.33000000000000E+02     1.95600000000000E+03
    1.34000000000000E+02     2.04100000000000E+03
    1.35000000000000E+02     2.15200000000000E+03
    1.36000000000000E+02     1.82300000000000E+03
    1.37000000000000E+02     1.96800000000000E+03
    1.38000000000000E+02     1.92400000000000E+03
    1.39000000000000E+02     1.93300000000000E+03
    1.40000000000000E+02     1.89900000000000E+03
    1.41000000000000E+02     1.90800000000000E+03
    1.42000000000000E+02     1.76300000000000E+03
    1.43000000000000E+02     1.10700000000000E+03
    1.44000000000000E+02     1.30100000000000E+03
    1.45000000000000E+02     1.48100000000000E+03
    1.46000000000000E+02     1.73500000000000E+03
    1.47000000000000E+02     1.65200000000000E+03
    1.48000000000000E+02     1.75700000000000E+03
    1.49000000000000E+02     1.89100000000000E+03
    1.50000000000000E+02     1.90900000000000E+03
    1.51000000000000E+02     1.79600000000000E+03
    1.52000000000000E+02     1.88100000000000E+03
    1.53000000000000E+02     1.82500000000000E+03
    1.54000000000000E+02     1.94600000000000E+03
    1.55000000000000E+02     1.81900000000000E+03
    1.56000000000000E+02     1.84800000000000E+03
    1.57000000000000E+02     1.94300000000000E+03
    1.58000000000000E+02     1.93000000000000E+03
    1.59000000000000E+02     1.77400000000000E+03
    1.60000000000000E+02     1.88300000000000E+03
    1.61000000000000E+02     1.70500000000000E+03
    1.62000000000000E+02     1.62900000000000E+03
    1.63000000000000E+02     1.53600000000000E+03
    1.64000000000000E+02     1.76900000000000E+03
    1.65000000000000E+02     1.68600000000000E+03
    1.66000000000000E+02     1.88700000000000E+03
    1.67000000000000E+02     1.78300000000000E+03
    1.68000000000000E+02     1.87400000000000E+03
    1.69000000000000E+02     1.87400000000000E+03
    1.70000000000000E+02     1.79000000000000E+03
    1.71000000000000E+02     1.75700000000000E+03
    1.72000000000000E+02     1.77900000000000E+03
    1.73000000000000E+02     1.99900000000000E+03
    1.74000000000000E+02     1.97100000000000E+03
    1.75000000000000E+02     1.87300000000000E+03
    1.76000000000000E+02     1.97900000000000E+03
    1.77000000000000E+02     1.88800000000000E+03
    1.78000000000000E+02     1.85000000000000E+03
    1.79000000000000E+02     1.77000000000000E+03
    1.80000000000000E+02     1.49500000000000E+03
    1.81000000000000E+02     1.51800000000000E+03
    1.82000000000000E+02     1.59800000000000E+03
    1.83000000000000E+02     1.66100000000000E+03
    1.84000000000000E+02     1.88800000000000E+03
    1.85000000000000E+02     1.89400000000000E+03
    1.86000000000000E+02     1.72100000000000E+03
    1.87000000000000E+02     1.77400000000000E+03
    1.88000000000000E+02     1.71800000000000E+03
    1.89000000000000E+02     1.78500000000000E+03
    1.90000000000000E+02     1.99000000000000E+03
    1.91000000000000E+02     2.06300000000000E+03
    1.92000000000000E+02     2.06600000000000E+03
    1.93000000000000E+02     2.09900000000000E+03
    1.94000000000000E+02     2.24300000000000E+03
    1.95000000000000E+02     2.14000000000000E+03
    1.96000000000000E+02     2.13900000000000E+03
    1.97000000000000E+02     1.99200000000000E+03
    1.98000000000000E+02     2.13600000000000E+03
    1.99000000000000E+02     2.07200000000000E+03
    2.00000000000000E+02     2.08400000000000E+03
    2.01000000000000E+02     2.13000000000000E+03
    2.02000000000000E+02     2.10200000000000E+03
    2.03000000000000E+02     2.07000000000000E+03
    2.04000000000000E+02     2.07200000000000E+03
    2.05000000000000E+02     2.19300000000000E+03
    2.06000000000000E+02     1.99600000000000E+03
    2.07000000000000E+02     1.92400000000000E+03
    2.08000000000000E+02     1.81000000000000E+03
    2.09000000000000E+02     1.62100000000000E+03
    2.10000000000000E+02     9.30000000000000E+02
    2.11000000000000E+02     1.13200000000000E+03
    2.12000000000000E+02     1.23400000000000E+03
    2.13000000000000E+02     1.35700000000000E+03
    2.14000000000000E+02     1.38800000000000E+03
    2.15000000000000E+02     1.52300000000000E+03
    2.16000000000000E+02     1.63400000000000E+03
    2.17000000000000E+02     1.68700000000000E+03
    2.18000000000000E+02     1.84900000000000E+03
    2.19000000000000E+02     1.75200000000000E+03
    2.20000000000000E+02     1.76700000000000E+03
    2.21000000000000E+02     1.88600000000000E+03
    2.22000000000000E+02     1.76500000000000E+03
    2.23000000000000E+02     1.93700000000000E+03
    2.24000000000000E+02     1.83400000000000E+03
    2.25000000000000E+02     1.90600000000000E+03
    2.26000000000000E+02     1.77800000000000E+03
    2.27000000000000E+02     1.84200000000000E+03
    2.28000000000000E+02     1.76300000000000E+03
    2.29000000000000E+02     1.96600000000000E+03
    2.30000000000000E+02     1.75600000000000E+03
    2.31000000000000E+02     2.06900000000000E+03
    2.32000000000000E+02     2.10000000000000E+03
    2.33000000000000E+02     1.97000000000000E+03
    2.34000000000000E+02     1.92900000000000E+03
    2.35000000000000E+02     2.08800000000000E+03
    2.36000000000000E+02     2.01000000000000E+03
    2.37000000000000E+02     1.97300000000000E+03
    2.38000000000000E+02     1.94700000000000E+03
    2.39000000000000E+02     1.75700000000000E+03
    2.40000000000000E+02     1.64900000000000E+03
    2.41000000000000E+02     1.75400000000000E+03
    2.42000000000000E+02     1.81400000000000E+03
    2.43000000000000E+02     1.58400000000000E+03
    2.44000000000000E+02     1.51000000000000E+03
    2.45000000000000E+02     1.51400000000000E+03
    2.46000000000000E+02     1.69000000000000E+03
    2.47000000000000E+02     1.81800000000000E+03
    2.48000000000000E+02     1.76100000000000E+03
    2.49000000000000E+02     1.94200000000000E+03
    2.50000000000000E+02     1.72700000000000E+03
    2.51000000000000E+02     1.81000000000000E+03
    2.52000000000000E+02     1.62900000000000E+03
    2.53000000000000E+02     1.62700000000000E+03
    2.54000000000000E+02     1.76900000000000E+03
    2.55000000000000E+02     1.76800000000000E+03
    2.56000000000000E+02     1.86600000000000E+03
    2.57000000000000E+02     1.60400000000000E+03
    2.58000000000000E+02     1.45500000000000E+03
    2.59000000000000E+02     1.66700000000000E+03
    2.60000000000000E+02     1.84000000000000E+03
    2.61000000000000E+02     1.77900000000000E+03
    2.62000000000000E+02     1.92600000000000E+03
    2.63000000000000E+02     1.86300000000000E+03
    2.64000000000000E+02     2.04200000000000E+03
    2.65000000000000E+02     2.16700000000000E+03
    2.66000000000000E+02     2.19600000000000E+03
    2.67000000000000E+02     2.27100000000000E+03
    2.68000000000000E+02     2.10800000000000E+03
    2.69000000000000E+02     2.15600000000000E+03
    2.70000000000000E+02     2.11700000000000E+03
    2.71000000000000E+02     2.07400000000000E+03
    2.72000000000000E+02     2.20500000000000E+03
    2.73000000000000E+02     2.22900000000000E+03
    2.74000000000000E+02     2.11100000000000E+03
    2.75000000000000E+02     2.18600000000000E+03
    2.76000000000000E+02     2.26300000000000E+03
    2.77000000000000E+02     2.10600000000000E+03
    2.78000000000000E+02     2.01100000000000E+03
    2.79000000000000E+02     1.97300000000000E+03
    2.80000000000000E+02     1.66500000000000E+03
    2.81000000000000E+02     1.44700000000000E+03
    2.82000000000000E+02     1.51400000000000E+03
    2.83000000000000E+02     1.51900000000000E+03
    2.84000000000000E+02     1.60100000000000E+03
    2.85000000000000E+02     1.91700000000000E+03
    2.86000000000000E+02     1.75000000000000E+03
    2.87000000000000E+02     1.91700000000000E+03
    2.88000000000000E+02     1.72800000000000E+03
    2.89000000000000E+02     1.79900000000000E+03
    2.90000000000000E+02     1.60500000000000E+03
    2.91000000000000E+02     1.63700000000000E+03
    2.92000000000000E+02     1.60800000000000E+03
    2.93000000000000E+02     1.63500000000000E+03
    2.94000000000000E+02     1.88200000000000E+03
    2.95000000000000E+02     1.85100000000000E+03
    2.96000000000000E+02     1.73400000000000E+03
    2.97000000000000E+02     1.78800000000000E+03
    2.98000000000000E+02     2.00200000000000E+03
    2.99000000000000E+02     1.96300000000000E+03
    3.00000000000000E+02     1.77800000000000E+03
    3.01000000000000E+02     1.93700000000000E+03
    3.02000000000000E+02     1.68600000000000E+03
    3.03000000000000E+02     1.83900000000000E+03
    3.04000000000000E+02     1.45300000000000E+03
    3.05000000000000E+02     1.24800000000000E+03
    3.06000000000000E+02     1.40500000000000E+03
    3.07000000000000E+02     1.54300000000000E+03
    3.08000000000000E+02     1.65700000000000E+03
    3.09000000000000E+02     1.73000000000000E+03
    3.10000000000000E+02     1.81500000000000E+03
    3.11000000000000E+02     1.86100000000000E+03
    3.12000000000000E+02     1.80300000000000E+03
    3.13000000000000E+02     1.71800000000000E+03
    3.14000000000000E+02     1.80100000000000E+03
    3.15000000000000E+02     1.55700000000000E+03
    3.16000000000000E+02     1.55000000000000E+03
    3.17000000000000E+02     1.68600000000000E+03
    3.18000000000000E+02     1.74100000000000E+03
    3.19000000000000E+02     1.86600000000000E+03
    3.20000000000000E+02     1.88100000000000E+03
    3.21000000000000E+02     1.71100000000000E+03
    3.22000000000000E+02     1.68300000000000E+03
    3.23000000000000E+02     1.82900000000000E+03
    3.24000000000000E+02     1.63600000000000E+03
    3.25000000000000E+02     1.57300000000000E+03
    3.26000000000000E+02     1.68400000000000E+03
    3.27000000000000E+02     1.85100000000000E+03
    3.28000000000000E+02     1.95200000000000E+03
    3.29000000000000E+02     1.97000000000000E+03
    3.30000000000000E+02     1.85600000000000E+03
    3.31000000000000E+02     1.84200000000000E+03
    3.32000000000000E+02     1.86700000000000E+03
    3.33000000000000E+02     1.96200000000000E+03
    3.34000000000000E+02     2.23400000000000E+03
    3.35000000000000E+02     2.17700000000000E+03
    3.36000000000000E+02     2.35700000000000E+03
    3.37000000000000E+02     2.43900000000000E+03
    3.38000000000000E+02     2.53700000000000E+03
    3.39000000000000E+02     2.30800000000000E+03
    3.40000000000000E+02     2.54100000000000E+03
    3.41000000000000E+02     2.43600000000000E+03
    3.42000000000000E+02     2.46000000000000E+03
    3.43000000000000E+02     2.55500000000000E+03
    3.44000000000000E+02     2.50700000000000E+03
    3.45000000000000E+02     2.97400000000000E+03
    3.46000000000000E+02     2.98100000000000E+03
    3.47000000000000E+02     3.02000000000000E+03
    3.48000000000000E+02     3.06300000000000E+03
    3.49000000000000E+02     2.91500000000000E+03
    3.50000000000000E+02     2.96300000000000E+03
    3.51000000000000E+02     2.95700000000000E+03
    3.52000000000000E+02     3.03800000000000E+03
    3.53000000000000E+02     3.49400000000000E+03
    3.54000000000000E+02     3.27200000000000E+03
    3.55000000000000E+02     3.35400000000000E+03
    3.56000000000000E+02     3.58800000000000E+03
    3.57000000000000E+02     3.64100000000000E+03
    3.58000000000000E+02     3.74200000000000E+03
    3.59000000000000E+02     3.62200000000000E+03
    3.60000000000000E+02     3.72400000000000E+03
    3.61000000000000E+02     4.10800000000000E+03
    3.62000000000000E+02     4.28800000000000E+03
    3.63000000000000E+02     4.65400000000000E+03
    3.64000000000000E+02     4.97200000000000E+03
    3.65000000000000E+02     5.38200000000000E+03
    3.66000000000000E+02     5.51300000000000E+03
    3.67000000000000E+02     5.67200000000000E+03
    3.68000000000000E+02     5.99100000000000E+03
    3.69000000000000E+02     6.28800000000000E+03
    3.70000000000000E+02     6.83600000000000E+03
    3.71000000000000E+02     7.18500000000000E+03
    3.72000000000000E+02     7.69200000000000E+03
    3.73000000000000E+02     8.13900000000000E+03
    3.74000000000000E+02     8.80800000000000E+03
    3.75000000000000E+02     9.14800000000000E+03
