    1.00000000000000E+00     1.78900000000000E+03
    2.00000000000000E+00     1.87900000000000E+03
    3.00000000000000E+00     1.79700000000000E+03
    4.00000000000000E+00     1.81200000000000E+03
    5.00000000000000E+00     1.64200000000000E+03
    6.00000000000000E+00     1.65600000000000E+03
    7.00000000000000E+00     1.67800000000000E+03
    8.00000000000000E+00     1.80800000000000E+03
    9.00000000000000E+00     1.56700000000000E+03
    1.00000000000000E+01     1.52900000000000E+03
    1.10000000000000E+01     1.65900000000000E+03
    1.20000000000000E+01     1.76200000000000E+03
    1.30000000000000E+01     1.97900000000000E+03
    1.40000000000000E+01     1.85600000000000E+03
    1.50000000000000E+01     1.99800000000000E+03
    1.60000000000000E+01     1.97500000000000E+03
    1.70000000000000E+01     2.04800000000000E+03
    1.80000000000000E+01     1.95800000000000E+03
    1.90000000000000E+01     1.86100000000000E+03
    2.00000000000000E+01     1.93100000000000E+03
    2.10000000000000E+01     1.83900000000000E+03
    2.20000000000000E+01     1.77200000000000E+03
    2.30000000000000E+01     1.97700000000000E+03
    2.40000000000000E+01     1.66200000000000E+03
    2.50000000000000E+01     1.79700000000000E+03
    2.60000000000000E+01     1.74100000000000E+03
    2.70000000000000E+01     1.87900000000000E+03
    2.80000000000000E+01     1.49400000000000E+03
    2.90000000000000E+01     1.45900000000000E+03
    3.00000000000000E+01     1.50900000000000E+03
    3.10000000000000E+01     1.63100000000000E+03
    3.20000000000000E+01     1.73100000000000E+03
    3.30000000000000E+01     1.83900000000000E+03
    3.40000000000000E+01     2.03100000000000E+03
    3.50000000000000E+01     1.85400000000000E+03
    3.60000000000000E+01     1.89600000000000E+03
    3.70000000000000E+01     1.89300000000000E+03
    3.80000000000000E+01     1.86000000000000E+03
    3.90000000000000E+01     1.85300000000000E+03
    4.00000000000000E+01     2.00800000000000E+03
    4.10000000000000E+01     1.94200000000000E+03
    4.20000000000000E+01     2.03800000000000E+03
    4.30000000000000E+01     2.04200000000000E+03
    4.40000000000000E+01     1.69900000000000E+03
    4.50000000000000E+01     1.20600000000000E+03
    4.60000000000000E+01     1.39000000000000E+03
    4.70000000000000E+01     1.53500000000000E+03
    4.80000000000000E+01     1.60000000000000E+03
    4.90000000000000E+01     1.77300000000000E+03
    5.00000000000000E+01     1.88200000000000E+03
    5.10000000000000E+01     1.80200000000000E+03
    5.20000000000000E+01     1.78200000000000E+03
    5.30000000000000E+01     1.86400000000000E+03
    5.40000000000000E+01     1.82900000000000E+03
    5.50000000000000E+01     1.62400000000000E+03
    5.60000000000000E+01     1.46000000000000E+03
    5.70000000000000E+01     1.64600000000000E+03
    5.80000000000000E+01     1.72000000000000E+03
    5.90000000000000E+01     1.91800000000000E+03
    6.00000000000000E+01     1.70600000000000E+03
    6.10000000000000E+01     1.76400000000000E+03
    6.20000000000000E+01     1.73300000000000E+03
    6.30000000000000E+01     1.96600000000000E+03
    6.40000000000000E+01     1.64500000000000E+03
    6.50000000000000E+01     1.60800000000000E+03
    6.60000000000000E+01     1.71400000000000E+03
    6.70000000000000E+01     1.82600000000000E+03
    6.80000000000000E+01     1.59400000000000E+03
    6.90000000000000E+01     1.58300000000000E+03
    7.00000000000000E+01     1.67000000000000E+03
    7.10000000000000E+01     1.83900000000000E+03
    7.20000000000000E+01     1.69600000000000E+03
    7.30000000000000E+01     1.89800000000000E+03
    7.40000000000000E+01     1.78800000000000E+03
    7.50000000000000E+01     1.84300000000000E+03
    7.60000000000000E+01     1.63300000000000E+03
    7.70000000000000E+01     1.48000000000000E+03
    7.80000000000000E+01     1.60300000000000E+03
    7.90000000000000E+01     1.69400000000000E+03
    8.00000000000000E+01     1.90700000000000E+03
    8.10000000000000E+01     1.72600000000000E+03
    8.20000000000000E+01     1.80500000000000E+03
    8.30000000000000E+01     1.69100000000000E+03
    8.40000000000000E+01     1.56400000000000E+03
    8.50000000000000E+01     1.64000000000000E+03
    8.60000000000000E+01     1.67400000000000E+03
    8.70000000000000E+01     1.99200000000000E+03
    8.80000000000000E+01     1.94200000000000E+03
    8.90000000000000E+01     1.84000000000000E+03
    9.00000000000000E+01     1.78400000000000E+03
    9.10000000000000E+01     1.98700000000000E+03
    9.20000000000000E+01     1.97300000000000E+03
    9.30000000000000E+01     1.94400000000000E+03
    9.40000000000000E+01     1.73500000000000E+03
    9.50000000000000E+01     1.83100000000000E+03
    9.60000000000000E+01     1.71600000000000E+03
    9.70000000000000E+01     1.76000000000000E+03
    9.80000000000000E+01     1.86900000000000E+03
    9.90000000000000E+01     1.72100000000000E+03
    1.00000000000000E+02     1.91100000000000E+03
    1.01000000000000E+02     1.68600000000000E+03
    1.02000000000000E+02     1.81200000000000E+03
    1.03000000000000E+02     1.72800000000000E+03
    1.04000000000000E+02     1.74900000000000E+03
    1.05000000000000E+02     1.80600000000000E+03
    1.06000000000000E+02     1.64700000000000E+03
    1.07000000000000E+02     1.66200000000000E+03
    1.08000000000000E+02     1.89200000000000E+03
    1.09000000000000E+02     1.60200000000000E+03
    1.10000000000000E+02     1.66700000000000E+03
    1.11000000000000E+02     1.62700000000000E+03
    1.12000000000000E+02     1.65500000000000E+03
    1.13000000000000E+02     1.82800000000000E+03
    1.14000000000000E+02     1.75200000000000E+03
    1.15000000000000E+02     1.86200000000000E+03
    1.16000000000000E+02     1.86100000000000E+03
    1.17000000000000E+02     1.72700000000000E+03
    1.18000000000000E+02     1.77200000000000E+03
    1.19000000000000E+02     1.82500000000000E+03
    1.20000000000000E+02     1.61100000000000E+03
    1.21000000000000E+02     1.49400000000000E+03
    1.22000000000000E+02     1.62000000000000E+03
    1.23000000000000E+02     1.92700000000000E+03
    1.24000000000000E+02     1.74700000000000E+03
    1.25000000000000E+02     1.85900000000000E+03
    1.26000000000000E+02     1.84000000000000E+03
    1.27000000000000E+02     1.71600000000000E+03
    1.28000000000000E+02     1.61700000000000E+03
    1.29000000000000E+02     1.77000000000000E+03
    1.30000000000000E+02     1.86800000000000E+03
    1.31000000000000E+02     1.90100000000000E+03
    1.32000000000000E+02     1.94100000000000E+03
    1.33000000000000E+02     2.08800000000000E+03
    1.34000000000000E+02     2.19700000000000E+03
    1.35000000000000E+02     2.13000000000000E+03
    1.36000000000000E+02     2.14900000000000E+03
    1.37000000000000E+02     2.14900000000000E+03
    1.38000000000000E+02     2.10800000000000E+03
    1.39000000000000E+02     2.09700000000000E+03
    1.40000000000000E+02     2.07900000000000E+03
    1.41000000000000E+02     2.24000000000000E+03
    1.42000000000000E+02     2.03300000000000E+03
    1.43000000000000E+02     2.11100000000000E+03
    1.44000000000000E+02     2.21500000000000E+03
    1.45000000000000E+02     2.17200000000000E+03
    1.46000000000000E+02     2.21400000000000E+03
    1.47000000000000E+02     2.31500000000000E+03
    1.48000000000000E+02     2.39400000000000E+03
    1.49000000000000E+02     2.53800000000000E+03
    1.50000000000000E+02     2.66000000000000E+03
    1.51000000000000E+02     2.95700000000000E+03
    1.52000000000000E+02     2.93000000000000E+03
    1.53000000000000E+02     2.95200000000000E+03
    1.54000000000000E+02     3.04200000000000E+03
    1.55000000000000E+02     3.22100000000000E+03
    1.56000000000000E+02     3.43500000000000E+03
    1.57000000000000E+02     3.51400000000000E+03
    1.58000000000000E+02     3.66300000000000E+03
    1.59000000000000E+02     3.68700000000000E+03
    1.60000000000000E+02     3.55500000000000E+03
    1.61000000000000E+02     3.75700000000000E+03
    1.62000000000000E+02     4.01700000000000E+03
    1.63000000000000E+02     3.93900000000000E+03
    1.64000000000000E+02     4.12800000000000E+03
    1.65000000000000E+02     4.07700000000000E+03
    1.66000000000000E+02     4.24600000000000E+03
    1.67000000000000E+02     4.19100000000000E+03
    1.68000000000000E+02     4.40500000000000E+03
    1.69000000000000E+02     4.86300000000000E+03
    1.70000000000000E+02     5.19500000000000E+03
    1.71000000000000E+02     5.41100000000000E+03
    1.72000000000000E+02     5.72000000000000E+03
    1.73000000000000E+02     6.05000000000000E+03
    1.74000000000000E+02     5.95900000000000E+03
    1.75000000000000E+02     6.32800000000000E+03
    1.76000000000000E+02     6.92000000000000E+03
    1.77000000000000E+02     7.25000000000000E+03
    1.78000000000000E+02     7.45100000000000E+03
    1.79000000000000E+02     7.95900000000000E+03
    1.80000000000000E+02     8.73300000000000E+03
    1.81000000000000E+02     9.67200000000000E+03
