    1.00000000000000E+00     1.45900000000000E+03
    2.00000000000000E+00     1.74500000000000E+03
    3.00000000000000E+00     1.85700000000000E+03
    4.00000000000000E+00     1.67500000000000E+03
    5.00000000000000E+00     1.81200000000000E+03
    6.00000000000000E+00     1.55700000000000E+03
    7.00000000000000E+00     1.51300000000000E+03
    8.00000000000000E+00     1.63100000000000E+03
    9.00000000000000E+00     1.69000000000000E+03
    1.00000000000000E+01     1.75400000000000E+03
    1.10000000000000E+01     1.96800000000000E+03
    1.20000000000000E+01     2.05500000000000E+03
    1.30000000000000E+01     2.08400000000000E+03
    1.40000000000000E+01     2.15500000000000E+03
    1.50000000000000E+01     2.11900000000000E+03
    1.60000000000000E+01     2.12100000000000E+03
    1.70000000000000E+01     2.15900000000000E+03
    1.80000000000000E+01     2.27100000000000E+03
    1.90000000000000E+01     2.24800000000000E+03
    2.00000000000000E+01     2.20900000000000E+03
    2.10000000000000E+01     1.97500000000000E+03
    2.20000000000000E+01     1.86800000000000E+03
    2.30000000000000E+01     1.79900000000000E+03
    2.40000000000000E+01     1.73400000000000E+03
    2.50000000000000E+01     1.65900000000000E+03
    2.60000000000000E+01     1.78000000000000E+03
    2.70000000000000E+01     1.92900000000000E+03
    2.80000000000000E+01     2.04300000000000E+03
    2.90000000000000E+01     2.16300000000000E+03
    3.00000000000000E+01     2.26100000000000E+03
    3.10000000000000E+01     2.36200000000000E+03
    3.20000000000000E+01     2.08600000000000E+03
    3.30000000000000E+01     1.98100000000000E+03
    3.40000000000000E+01     2.02400000000000E+03
    3.50000000000000E+01     2.05100000000000E+03
    3.60000000000000E+01     2.15100000000000E+03
    3.70000000000000E+01     2.33700000000000E+03
    3.80000000000000E+01     2.33300000000000E+03
    3.90000000000000E+01     2.26500000000000E+03
    4.00000000000000E+01     1.91800000000000E+03
    4.10000000000000E+01     1.86700000000000E+03
    4.20000000000000E+01     1.88400000000000E+03
    4.30000000000000E+01     1.96400000000000E+03
    4.40000000000000E+01     1.81000000000000E+03
    4.50000000000000E+01     1.67400000000000E+03
    4.60000000000000E+01     1.12000000000000E+03
    4.70000000000000E+01     1.33200000000000E+03
    4.80000000000000E+01     1.44900000000000E+03
    4.90000000000000E+01     1.47500000000000E+03
    5.00000000000000E+01     1.59400000000000E+03
    5.10000000000000E+01     1.74400000000000E+03
    5.20000000000000E+01     1.90600000000000E+03
    5.30000000000000E+01     2.02400000000000E+03
    5.40000000000000E+01     2.20000000000000E+03
    5.50000000000000E+01     2.29600000000000E+03
    5.60000000000000E+01     2.33300000000000E+03
    5.70000000000000E+01     2.26700000000000E+03
    5.80000000000000E+01     2.29200000000000E+03
    5.90000000000000E+01     2.10300000000000E+03
    6.00000000000000E+01     1.71600000000000E+03
    6.10000000000000E+01     1.76900000000000E+03
    6.20000000000000E+01     1.88700000000000E+03
    6.30000000000000E+01     1.82100000000000E+03
    6.40000000000000E+01     1.81500000000000E+03
    6.50000000000000E+01     1.61400000000000E+03
    6.60000000000000E+01     1.52900000000000E+03
    6.70000000000000E+01     1.62800000000000E+03
    6.80000000000000E+01     1.87400000000000E+03
    6.90000000000000E+01     1.69800000000000E+03
    7.00000000000000E+01     1.89600000000000E+03
    7.10000000000000E+01     1.74700000000000E+03
    7.20000000000000E+01     1.75000000000000E+03
    7.30000000000000E+01     1.81800000000000E+03
    7.40000000000000E+01     1.78100000000000E+03
    7.50000000000000E+01     1.83900000000000E+03
    7.60000000000000E+01     1.94700000000000E+03
    7.70000000000000E+01     2.10000000000000E+03
    7.80000000000000E+01     2.22200000000000E+03
    7.90000000000000E+01     2.16700000000000E+03
    8.00000000000000E+01     2.06700000000000E+03
    8.10000000000000E+01     2.10900000000000E+03
    8.20000000000000E+01     2.21100000000000E+03
    8.30000000000000E+01     2.28700000000000E+03
    8.40000000000000E+01     2.18400000000000E+03
    8.50000000000000E+01     2.22200000000000E+03
    8.60000000000000E+01     2.38000000000000E+03
    8.70000000000000E+01     2.58000000000000E+03
    8.80000000000000E+01     2.54800000000000E+03
    8.90000000000000E+01     2.62900000000000E+03
    9.00000000000000E+01     2.83200000000000E+03
    9.10000000000000E+01     2.90500000000000E+03
    9.20000000000000E+01     3.04800000000000E+03
    9.30000000000000E+01     2.97400000000000E+03
    9.40000000000000E+01     2.95600000000000E+03
    9.50000000000000E+01     2.93600000000000E+03
    9.60000000000000E+01     2.86800000000000E+03
    9.70000000000000E+01     2.84900000000000E+03
    9.80000000000000E+01     2.99000000000000E+03
    9.90000000000000E+01     3.16900000000000E+03
    1.00000000000000E+02     3.43100000000000E+03
    1.01000000000000E+02     3.56800000000000E+03
    1.02000000000000E+02     3.84300000000000E+03
    1.03000000000000E+02     4.02800000000000E+03
    1.04000000000000E+02     4.38300000000000E+03
    1.05000000000000E+02     4.54300000000000E+03
    1.06000000000000E+02     4.97100000000000E+03
    1.07000000000000E+02     4.87800000000000E+03
    1.08000000000000E+02     5.22100000000000E+03
    1.09000000000000E+02     5.48500000000000E+03
    1.10000000000000E+02     5.74200000000000E+03
    1.11000000000000E+02     6.52600000000000E+03
    1.12000000000000E+02     7.19200000000000E+03
    1.13000000000000E+02     7.50600000000000E+03
    1.14000000000000E+02     8.19000000000000E+03
    1.15000000000000E+02     8.69800000000000E+03
    1.16000000000000E+02     9.39800000000000E+03
