    1.00000000000000E+00     1.56500000000000E+03
    2.00000000000000E+00     1.67400000000000E+03
    3.00000000000000E+00     1.94100000000000E+03
    4.00000000000000E+00     1.87200000000000E+03
    5.00000000000000E+00     1.72800000000000E+03
    6.00000000000000E+00     1.72000000000000E+03
    7.00000000000000E+00     1.90700000000000E+03
    8.00000000000000E+00     1.93300000000000E+03
    9.00000000000000E+00     1.93000000000000E+03
    1.00000000000000E+01     1.83700000000000E+03
    1.10000000000000E+01     1.86200000000000E+03
    1.20000000000000E+01     1.86900000000000E+03
    1.30000000000000E+01     1.78600000000000E+03
    1.40000000000000E+01     1.84400000000000E+03
    1.50000000000000E+01     1.80200000000000E+03
    1.60000000000000E+01     1.88200000000000E+03
    1.70000000000000E+01     1.57500000000000E+03
    1.80000000000000E+01     1.53300000000000E+03
    1.90000000000000E+01     1.54200000000000E+03
    2.00000000000000E+01     1.69600000000000E+03
    2.10000000000000E+01     1.82900000000000E+03
    2.20000000000000E+01     1.45900000000000E+03
    2.30000000000000E+01     1.34300000000000E+03
    2.40000000000000E+01     1.41800000000000E+03
    2.50000000000000E+01     1.55700000000000E+03
    2.60000000000000E+01     1.63700000000000E+03
    2.70000000000000E+01     1.69900000000000E+03
    2.80000000000000E+01     1.86800000000000E+03
    2.90000000000000E+01     1.75500000000000E+03
    3.00000000000000E+01     1.89300000000000E+03
    3.10000000000000E+01     2.00200000000000E+03
    3.20000000000000E+01     1.98600000000000E+03
    3.30000000000000E+01     1.85600000000000E+03
    3.40000000000000E+01     1.76900000000000E+03
    3.50000000000000E+01     1.87700000000000E+03
    3.60000000000000E+01     1.65600000000000E+03
    3.70000000000000E+01     1.78200000000000E+03
    3.80000000000000E+01     1.87300000000000E+03
    3.90000000000000E+01     1.80100000000000E+03
    4.00000000000000E+01     2.00300000000000E+03
    4.10000000000000E+01     1.85600000000000E+03
    4.20000000000000E+01     1.99100000000000E+03
    4.30000000000000E+01     1.59200000000000E+03
    4.40000000000000E+01     1.40000000000000E+03
    4.50000000000000E+01     1.38100000000000E+03
    4.60000000000000E+01     1.60100000000000E+03
    4.70000000000000E+01     1.68900000000000E+03
    4.80000000000000E+01     1.79400000000000E+03
    4.90000000000000E+01     1.79900000000000E+03
    5.00000000000000E+01     1.89200000000000E+03
    5.10000000000000E+01     1.80100000000000E+03
    5.20000000000000E+01     1.54500000000000E+03
    5.30000000000000E+01     1.41800000000000E+03
    5.40000000000000E+01     1.56700000000000E+03
    5.50000000000000E+01     1.67600000000000E+03
    5.60000000000000E+01     1.96400000000000E+03
    5.70000000000000E+01     1.72500000000000E+03
    5.80000000000000E+01     1.77400000000000E+03
    5.90000000000000E+01     1.87300000000000E+03
    6.00000000000000E+01     1.58700000000000E+03
    6.10000000000000E+01     1.56900000000000E+03
    6.20000000000000E+01     1.63700000000000E+03
    6.30000000000000E+01     1.76700000000000E+03
    6.40000000000000E+01     1.86500000000000E+03
    6.50000000000000E+01     1.83100000000000E+03
    6.60000000000000E+01     1.81400000000000E+03
    6.70000000000000E+01     1.80900000000000E+03
    6.80000000000000E+01     1.78900000000000E+03
    6.90000000000000E+01     1.63200000000000E+03
    7.00000000000000E+01     1.78200000000000E+03
    7.10000000000000E+01     1.86500000000000E+03
    7.20000000000000E+01     1.66600000000000E+03
    7.30000000000000E+01     1.69000000000000E+03
    7.40000000000000E+01     1.86100000000000E+03
    7.50000000000000E+01     1.73600000000000E+03
    7.60000000000000E+01     1.69100000000000E+03
    7.70000000000000E+01     1.76100000000000E+03
    7.80000000000000E+01     2.01800000000000E+03
    7.90000000000000E+01     2.16200000000000E+03
    8.00000000000000E+01     2.03500000000000E+03
    8.10000000000000E+01     1.90800000000000E+03
    8.20000000000000E+01     1.80100000000000E+03
    8.30000000000000E+01     1.73300000000000E+03
    8.40000000000000E+01     1.81000000000000E+03
    8.50000000000000E+01     1.37700000000000E+03
    8.60000000000000E+01     1.39800000000000E+03
    8.70000000000000E+01     1.51600000000000E+03
    8.80000000000000E+01     1.65800000000000E+03
    8.90000000000000E+01     1.88200000000000E+03
    9.00000000000000E+01     1.81000000000000E+03
    9.10000000000000E+01     1.70100000000000E+03
    9.20000000000000E+01     1.88000000000000E+03
    9.30000000000000E+01     1.68500000000000E+03
    9.40000000000000E+01     1.78200000000000E+03
    9.50000000000000E+01     1.77300000000000E+03
    9.60000000000000E+01     1.86900000000000E+03
    9.70000000000000E+01     1.88200000000000E+03
    9.80000000000000E+01     1.90200000000000E+03
    9.90000000000000E+01     1.79300000000000E+03
    1.00000000000000E+02     1.85500000000000E+03
    1.01000000000000E+02     1.91900000000000E+03
    1.02000000000000E+02     1.84500000000000E+03
    1.03000000000000E+02     1.91400000000000E+03
    1.04000000000000E+02     1.66900000000000E+03
    1.05000000000000E+02     1.54100000000000E+03
    1.06000000000000E+02     1.60200000000000E+03
    1.07000000000000E+02     1.69100000000000E+03
    1.08000000000000E+02     1.90000000000000E+03
    1.09000000000000E+02     1.78400000000000E+03
    1.10000000000000E+02     1.81300000000000E+03
    1.11000000000000E+02     1.78200000000000E+03
    1.12000000000000E+02     1.83100000000000E+03
    1.13000000000000E+02     1.61900000000000E+03
    1.14000000000000E+02     1.54900000000000E+03
    1.15000000000000E+02     1.69400000000000E+03
    1.16000000000000E+02     1.76700000000000E+03
    1.17000000000000E+02     1.74800000000000E+03
    1.18000000000000E+02     1.79600000000000E+03
    1.19000000000000E+02     1.69800000000000E+03
    1.20000000000000E+02     1.85200000000000E+03
    1.21000000000000E+02     1.69700000000000E+03
    1.22000000000000E+02     1.78200000000000E+03
    1.23000000000000E+02     1.83100000000000E+03
    1.24000000000000E+02     1.83700000000000E+03
    1.25000000000000E+02     1.56900000000000E+03
    1.26000000000000E+02     1.54100000000000E+03
    1.27000000000000E+02     1.60100000000000E+03
    1.28000000000000E+02     1.79500000000000E+03
    1.29000000000000E+02     1.79800000000000E+03
    1.30000000000000E+02     1.77300000000000E+03
    1.31000000000000E+02     1.75200000000000E+03
    1.32000000000000E+02     1.80000000000000E+03
    1.33000000000000E+02     1.80400000000000E+03
    1.34000000000000E+02     1.73300000000000E+03
    1.35000000000000E+02     1.78100000000000E+03
    1.36000000000000E+02     1.91200000000000E+03
    1.37000000000000E+02     1.98100000000000E+03
    1.38000000000000E+02     1.99900000000000E+03
    1.39000000000000E+02     1.85900000000000E+03
    1.40000000000000E+02     1.96900000000000E+03
    1.41000000000000E+02     2.14500000000000E+03
    1.42000000000000E+02     2.07400000000000E+03
    1.43000000000000E+02     2.12600000000000E+03
    1.44000000000000E+02     2.03200000000000E+03
    1.45000000000000E+02     1.85100000000000E+03
    1.46000000000000E+02     1.65900000000000E+03
    1.47000000000000E+02     1.25800000000000E+03
    1.48000000000000E+02     1.41200000000000E+03
    1.49000000000000E+02     1.48500000000000E+03
    1.50000000000000E+02     1.63000000000000E+03
    1.51000000000000E+02     1.76600000000000E+03
    1.52000000000000E+02     1.82600000000000E+03
    1.53000000000000E+02     1.73800000000000E+03
    1.54000000000000E+02     1.79900000000000E+03
    1.55000000000000E+02     1.92200000000000E+03
    1.56000000000000E+02     1.93400000000000E+03
    1.57000000000000E+02     1.96300000000000E+03
    1.58000000000000E+02     1.84600000000000E+03
    1.59000000000000E+02     1.65200000000000E+03
    1.60000000000000E+02     1.54900000000000E+03
    1.61000000000000E+02     1.65400000000000E+03
    1.62000000000000E+02     1.78900000000000E+03
    1.63000000000000E+02     1.85100000000000E+03
    1.64000000000000E+02     1.70000000000000E+03
    1.65000000000000E+02     1.77600000000000E+03
    1.66000000000000E+02     1.79200000000000E+03
    1.67000000000000E+02     1.68100000000000E+03
    1.68000000000000E+02     1.76100000000000E+03
    1.69000000000000E+02     1.90200000000000E+03
    1.70000000000000E+02     1.87100000000000E+03
    1.71000000000000E+02     1.79000000000000E+03
    1.72000000000000E+02     1.89800000000000E+03
    1.73000000000000E+02     1.83900000000000E+03
    1.74000000000000E+02     1.75000000000000E+03
    1.75000000000000E+02     2.01400000000000E+03
    1.76000000000000E+02     2.15800000000000E+03
    1.77000000000000E+02     2.27600000000000E+03
    1.78000000000000E+02     2.25800000000000E+03
    1.79000000000000E+02     2.32800000000000E+03
    1.80000000000000E+02     2.12200000000000E+03
    1.81000000000000E+02     2.05400000000000E+03
    1.82000000000000E+02     1.84600000000000E+03
    1.83000000000000E+02     2.02800000000000E+03
    1.84000000000000E+02     2.08800000000000E+03
    1.85000000000000E+02     1.87800000000000E+03
    1.86000000000000E+02     1.78600000000000E+03
    1.87000000000000E+02     1.78500000000000E+03
    1.88000000000000E+02     1.68300000000000E+03
    1.89000000000000E+02     1.62400000000000E+03
    1.90000000000000E+02     1.66700000000000E+03
    1.91000000000000E+02     1.92300000000000E+03
    1.92000000000000E+02     1.70500000000000E+03
    1.93000000000000E+02     1.78400000000000E+03
    1.94000000000000E+02     1.79900000000000E+03
    1.95000000000000E+02     1.76200000000000E+03
    1.96000000000000E+02     1.93300000000000E+03
    1.97000000000000E+02     1.87300000000000E+03
    1.98000000000000E+02     1.98600000000000E+03
    1.99000000000000E+02     1.84400000000000E+03
    2.00000000000000E+02     2.08800000000000E+03
    2.01000000000000E+02     2.32100000000000E+03
    2.02000000000000E+02     2.36100000000000E+03
    2.03000000000000E+02     2.45600000000000E+03
    2.04000000000000E+02     2.78900000000000E+03
    2.05000000000000E+02     2.94000000000000E+03
    2.06000000000000E+02     2.65300000000000E+03
    2.07000000000000E+02     2.64200000000000E+03
    2.08000000000000E+02     2.54100000000000E+03
    2.09000000000000E+02     2.67400000000000E+03
    2.10000000000000E+02     2.77200000000000E+03
    2.11000000000000E+02     2.87300000000000E+03
    2.12000000000000E+02     2.73800000000000E+03
    2.13000000000000E+02     2.87100000000000E+03
    2.14000000000000E+02     2.81000000000000E+03
    2.15000000000000E+02     2.91600000000000E+03
    2.16000000000000E+02     2.84000000000000E+03
    2.17000000000000E+02     2.92700000000000E+03
    2.18000000000000E+02     3.10200000000000E+03
    2.19000000000000E+02     3.18000000000000E+03
    2.20000000000000E+02     3.32700000000000E+03
    2.21000000000000E+02     3.65800000000000E+03
    2.22000000000000E+02     3.70900000000000E+03
    2.23000000000000E+02     3.92300000000000E+03
    2.24000000000000E+02     4.31700000000000E+03
    2.25000000000000E+02     4.41800000000000E+03
    2.26000000000000E+02     4.58500000000000E+03
    2.27000000000000E+02     4.52400000000000E+03
    2.28000000000000E+02     4.84600000000000E+03
    2.29000000000000E+02     5.08600000000000E+03
    2.30000000000000E+02     5.32600000000000E+03
    2.31000000000000E+02     5.52000000000000E+03
    2.32000000000000E+02     5.96600000000000E+03
    2.33000000000000E+02     6.41900000000000E+03
    2.34000000000000E+02     6.74800000000000E+03
    2.35000000000000E+02     7.23200000000000E+03
    2.36000000000000E+02     7.89800000000000E+03
    2.37000000000000E+02     8.54700000000000E+03
    2.38000000000000E+02     8.92400000000000E+03
    2.39000000000000E+02     9.36200000000000E+03
