    1.00000000000000E+00     1.80100000000000E+03
    2.00000000000000E+00     1.77000000000000E+03
    3.00000000000000E+00     1.79300000000000E+03
    4.00000000000000E+00     1.93100000000000E+03
    5.00000000000000E+00     1.76700000000000E+03
    6.00000000000000E+00     1.88100000000000E+03
    7.00000000000000E+00     1.76800000000000E+03
    8.00000000000000E+00     1.85800000000000E+03
    9.00000000000000E+00     2.02100000000000E+03
    1.00000000000000E+01     2.04200000000000E+03
    1.10000000000000E+01     2.00700000000000E+03
    1.20000000000000E+01     2.13900000000000E+03
    1.30000000000000E+01     1.96400000000000E+03
    1.40000000000000E+01     2.02300000000000E+03
    1.50000000000000E+01     2.00300000000000E+03
    1.60000000000000E+01     1.91600000000000E+03
    1.70000000000000E+01     1.98500000000000E+03
    1.80000000000000E+01     1.97900000000000E+03
    1.90000000000000E+01     1.89900000000000E+03
    2.00000000000000E+01     2.02600000000000E+03
    2.10000000000000E+01     2.07100000000000E+03
    2.20000000000000E+01     2.07700000000000E+03
    2.30000000000000E+01     2.37700000000000E+03
    2.40000000000000E+01     2.14100000000000E+03
    2.50000000000000E+01     2.19700000000000E+03
    2.60000000000000E+01     2.25100000000000E+03
    2.70000000000000E+01     2.42600000000000E+03
    2.80000000000000E+01     2.38600000000000E+03
    2.90000000000000E+01     2.35200000000000E+03
    3.00000000000000E+01     2.30400000000000E+03
    3.10000000000000E+01     2.46800000000000E+03
    3.20000000000000E+01     2.56400000000000E+03
    3.30000000000000E+01     2.78200000000000E+03
    3.40000000000000E+01     2.73900000000000E+03
    3.50000000000000E+01     2.60400000000000E+03
    3.60000000000000E+01     2.91100000000000E+03
    3.70000000000000E+01     2.90100000000000E+03
    3.80000000000000E+01     3.06600000000000E+03
    3.90000000000000E+01     3.25500000000000E+03
    4.00000000000000E+01     3.43300000000000E+03
    4.10000000000000E+01     3.48700000000000E+03
    4.20000000000000E+01     3.75300000000000E+03
    4.30000000000000E+01     3.82100000000000E+03
    4.40000000000000E+01     3.86000000000000E+03
    4.50000000000000E+01     3.97400000000000E+03
    4.60000000000000E+01     4.29500000000000E+03
    4.70000000000000E+01     4.53200000000000E+03
    4.80000000000000E+01     4.67300000000000E+03
    4.90000000000000E+01     5.03100000000000E+03
    5.00000000000000E+01     5.41600000000000E+03
    5.10000000000000E+01     5.49000000000000E+03
    5.20000000000000E+01     5.93100000000000E+03
    5.30000000000000E+01     6.05300000000000E+03
    5.40000000000000E+01     6.67300000000000E+03
    5.50000000000000E+01     7.09100000000000E+03
    5.60000000000000E+01     7.82900000000000E+03
    5.70000000000000E+01     8.28200000000000E+03
    5.80000000000000E+01     8.63700000000000E+03
    5.90000000000000E+01     9.58300000000000E+03
