    1.00000000000000E+00     3.29900000000000E+03
    2.00000000000000E+00     3.66100000000000E+03
    3.00000000000000E+00     4.02400000000000E+03
    4.00000000000000E+00     3.74800000000000E+03
    5.00000000000000E+00     3.64900000000000E+03
    6.00000000000000E+00     3.78900000000000E+03
    7.00000000000000E+00     3.80900000000000E+03
    8.00000000000000E+00     4.19200000000000E+03
    9.00000000000000E+00     4.24500000000000E+03
    1.00000000000000E+01     4.16200000000000E+03
    1.10000000000000E+01     4.31200000000000E+03
    1.20000000000000E+01     4.42500000000000E+03
    1.30000000000000E+01     4.40100000000000E+03
    1.40000000000000E+01     4.49700000000000E+03
    1.50000000000000E+01     4.24700000000000E+03
    1.60000000000000E+01     4.25300000000000E+03
    1.70000000000000E+01     4.06800000000000E+03
    1.80000000000000E+01     4.23200000000000E+03
    1.90000000000000E+01     4.11600000000000E+03
    2.00000000000000E+01     4.14000000000000E+03
    2.10000000000000E+01     4.10000000000000E+03
    2.20000000000000E+01     3.76100000000000E+03
    2.30000000000000E+01     3.85600000000000E+03
    2.40000000000000E+01     3.96700000000000E+03
    2.50000000000000E+01     4.01200000000000E+03
    2.60000000000000E+01     4.04600000000000E+03
    2.70000000000000E+01     3.79900000000000E+03
    2.80000000000000E+01     3.98300000000000E+03
    2.90000000000000E+01     3.70400000000000E+03
    3.00000000000000E+01     3.94800000000000E+03
    3.10000000000000E+01     3.64300000000000E+03
    3.20000000000000E+01     3.54400000000000E+03
    3.30000000000000E+01     3.52200000000000E+03
    3.40000000000000E+01     3.80200000000000E+03
    3.50000000000000E+01     3.94700000000000E+03
    3.60000000000000E+01     3.71900000000000E+03
    3.70000000000000E+01     3.83600000000000E+03
    3.80000000000000E+01     3.96700000000000E+03
    3.90000000000000E+01     3.66000000000000E+03
    4.00000000000000E+01     3.73600000000000E+03
    4.10000000000000E+01     4.04700000000000E+03
    4.20000000000000E+01     3.72900000000000E+03
    4.30000000000000E+01     4.05800000000000E+03
    4.40000000000000E+01     3.50600000000000E+03
    4.50000000000000E+01     3.62300000000000E+03
    4.60000000000000E+01     3.78800000000000E+03
    4.70000000000000E+01     3.84100000000000E+03
    4.80000000000000E+01     3.88700000000000E+03
    4.90000000000000E+01     3.82700000000000E+03
    5.00000000000000E+01     3.96100000000000E+03
    5.10000000000000E+01     3.71100000000000E+03
    5.20000000000000E+01     3.94500000000000E+03
    5.30000000000000E+01     3.58400000000000E+03
    5.40000000000000E+01     3.52400000000000E+03
    5.50000000000000E+01     3.57800000000000E+03
    5.60000000000000E+01     3.71300000000000E+03
    5.70000000000000E+01     3.75400000000000E+03
    5.80000000000000E+01     3.87000000000000E+03
    5.90000000000000E+01     3.79100000000000E+03
    6.00000000000000E+01     3.78000000000000E+03
    6.10000000000000E+01     3.78500000000000E+03
    6.20000000000000E+01     4.03600000000000E+03
    6.30000000000000E+01     3.87100000000000E+03
    6.40000000000000E+01     4.02300000000000E+03
    6.50000000000000E+01     3.71400000000000E+03
    6.60000000000000E+01     3.86500000000000E+03
    6.70000000000000E+01     3.88900000000000E+03
    6.80000000000000E+01     4.06100000000000E+03
    6.90000000000000E+01     3.94700000000000E+03
    7.00000000000000E+01     3.86400000000000E+03
    7.10000000000000E+01     4.09800000000000E+03
    7.20000000000000E+01     4.11100000000000E+03
    7.30000000000000E+01     4.05300000000000E+03
    7.40000000000000E+01     3.85500000000000E+03
    7.50000000000000E+01     4.15700000000000E+03
    7.60000000000000E+01     4.03300000000000E+03
    7.70000000000000E+01     4.02500000000000E+03
    7.80000000000000E+01     3.95200000000000E+03
    7.90000000000000E+01     3.93900000000000E+03
    8.00000000000000E+01     4.07400000000000E+03
    8.10000000000000E+01     4.04600000000000E+03
    8.20000000000000E+01     4.15000000000000E+03
    8.30000000000000E+01     4.00800000000000E+03
    8.40000000000000E+01     3.88700000000000E+03
    8.50000000000000E+01     3.75900000000000E+03
    8.60000000000000E+01     3.55600000000000E+03
    8.70000000000000E+01     3.85700000000000E+03
    8.80000000000000E+01     4.05700000000000E+03
    8.90000000000000E+01     3.75900000000000E+03
    9.00000000000000E+01     3.75900000000000E+03
    9.10000000000000E+01     3.99900000000000E+03
    9.20000000000000E+01     3.91500000000000E+03
    9.30000000000000E+01     3.92400000000000E+03
    9.40000000000000E+01     3.88900000000000E+03
    9.50000000000000E+01     3.77600000000000E+03
    9.60000000000000E+01     3.96700000000000E+03
    9.70000000000000E+01     3.63600000000000E+03
    9.80000000000000E+01     3.57400000000000E+03
    9.90000000000000E+01     3.73000000000000E+03
    1.00000000000000E+02     3.98900000000000E+03
    1.01000000000000E+02     4.18100000000000E+03
    1.02000000000000E+02     4.27400000000000E+03
    1.03000000000000E+02     4.28700000000000E+03
    1.04000000000000E+02     4.13300000000000E+03
    1.05000000000000E+02     4.15600000000000E+03
    1.06000000000000E+02     4.11500000000000E+03
    1.07000000000000E+02     4.16900000000000E+03
    1.08000000000000E+02     4.04700000000000E+03
    1.09000000000000E+02     3.97100000000000E+03
    1.10000000000000E+02     3.74500000000000E+03
    1.11000000000000E+02     3.71500000000000E+03
    1.12000000000000E+02     3.87000000000000E+03
    1.13000000000000E+02     3.86800000000000E+03
    1.14000000000000E+02     4.13400000000000E+03
    1.15000000000000E+02     4.02200000000000E+03
    1.16000000000000E+02     3.72500000000000E+03
    1.17000000000000E+02     4.11700000000000E+03
    1.18000000000000E+02     3.92500000000000E+03
    1.19000000000000E+02     3.78800000000000E+03
    1.20000000000000E+02     3.94100000000000E+03
    1.21000000000000E+02     4.06900000000000E+03
    1.22000000000000E+02     4.27800000000000E+03
    1.23000000000000E+02     4.35200000000000E+03
    1.24000000000000E+02     4.33900000000000E+03
    1.25000000000000E+02     4.18400000000000E+03
    1.26000000000000E+02     4.01600000000000E+03
    1.27000000000000E+02     4.05300000000000E+03
    1.28000000000000E+02     4.10800000000000E+03
    1.29000000000000E+02     3.85400000000000E+03
    1.30000000000000E+02     3.88300000000000E+03
    1.31000000000000E+02     3.79300000000000E+03
    1.32000000000000E+02     3.81400000000000E+03
    1.33000000000000E+02     4.08400000000000E+03
    1.34000000000000E+02     4.02200000000000E+03
    1.35000000000000E+02     3.75800000000000E+03
    1.36000000000000E+02     3.84900000000000E+03
    1.37000000000000E+02     3.90000000000000E+03
    1.38000000000000E+02     3.74000000000000E+03
    1.39000000000000E+02     4.04100000000000E+03
    1.40000000000000E+02     4.15000000000000E+03
    1.41000000000000E+02     4.18000000000000E+03
    1.42000000000000E+02     4.39000000000000E+03
    1.43000000000000E+02     4.50000000000000E+03
    1.44000000000000E+02     4.68000000000000E+03
    1.45000000000000E+02     4.79300000000000E+03
    1.46000000000000E+02     4.80600000000000E+03
    1.47000000000000E+02     4.82800000000000E+03
    1.48000000000000E+02     5.07100000000000E+03
    1.49000000000000E+02     5.01000000000000E+03
    1.50000000000000E+02     4.88500000000000E+03
    1.51000000000000E+02     4.74600000000000E+03
    1.52000000000000E+02     4.83100000000000E+03
    1.53000000000000E+02     4.85000000000000E+03
    1.54000000000000E+02     5.22700000000000E+03
    1.55000000000000E+02     5.37300000000000E+03
    1.56000000000000E+02     5.33300000000000E+03
    1.57000000000000E+02     5.55900000000000E+03
    1.58000000000000E+02     5.47700000000000E+03
    1.59000000000000E+02     5.29300000000000E+03
    1.60000000000000E+02     5.55600000000000E+03
    1.61000000000000E+02     5.44800000000000E+03
    1.62000000000000E+02     5.57500000000000E+03
    1.63000000000000E+02     5.90400000000000E+03
    1.64000000000000E+02     6.18500000000000E+03
    1.65000000000000E+02     6.01400000000000E+03
    1.66000000000000E+02     6.17800000000000E+03
    1.67000000000000E+02     6.50500000000000E+03
    1.68000000000000E+02     6.64200000000000E+03
    1.69000000000000E+02     6.69400000000000E+03
    1.70000000000000E+02     6.75300000000000E+03
    1.71000000000000E+02     6.90700000000000E+03
    1.72000000000000E+02     6.86200000000000E+03
    1.73000000000000E+02     6.85900000000000E+03
    1.74000000000000E+02     6.69800000000000E+03
    1.75000000000000E+02     7.28600000000000E+03
    1.76000000000000E+02     7.22900000000000E+03
    1.77000000000000E+02     7.42500000000000E+03
    1.78000000000000E+02     7.44000000000000E+03
    1.79000000000000E+02     7.73900000000000E+03
    1.80000000000000E+02     8.26700000000000E+03
    1.81000000000000E+02     8.32100000000000E+03
    1.82000000000000E+02     8.72900000000000E+03
    1.83000000000000E+02     9.07400000000000E+03
    1.84000000000000E+02     9.26900000000000E+03
    1.85000000000000E+02     9.66700000000000E+03
    1.86000000000000E+02     1.00050000000000E+04
    1.87000000000000E+02     1.03460000000000E+04
    1.88000000000000E+02     1.10660000000000E+04
    1.89000000000000E+02     1.15500000000000E+04
    1.90000000000000E+02     1.24220000000000E+04
    1.91000000000000E+02     1.31740000000000E+04
    1.92000000000000E+02     1.40890000000000E+04
    1.93000000000000E+02     1.57740000000000E+04
    1.94000000000000E+02     1.66760000000000E+04
    1.95000000000000E+02     1.77460000000000E+04
    1.96000000000000E+02     1.91670000000000E+04
    1.97000000000000E+02     2.07580000000000E+04
