    1.00000000000000E+00     3.57000000000000E+03
    2.00000000000000E+00     3.94800000000000E+03
    3.00000000000000E+00     3.88400000000000E+03
    4.00000000000000E+00     3.73300000000000E+03
    5.00000000000000E+00     4.01700000000000E+03
    6.00000000000000E+00     4.13400000000000E+03
    7.00000000000000E+00     4.07200000000000E+03
    8.00000000000000E+00     4.11900000000000E+03
    9.00000000000000E+00     4.07700000000000E+03
    1.00000000000000E+01     4.34400000000000E+03
    1.10000000000000E+01     4.21400000000000E+03
    1.20000000000000E+01     4.01500000000000E+03
    1.30000000000000E+01     4.16000000000000E+03
    1.40000000000000E+01     4.21100000000000E+03
    1.50000000000000E+01     4.07200000000000E+03
    1.60000000000000E+01     3.76200000000000E+03
    1.70000000000000E+01     3.68400000000000E+03
    1.80000000000000E+01     3.97700000000000E+03
    1.90000000000000E+01     3.72200000000000E+03
    2.00000000000000E+01     3.86800000000000E+03
    2.10000000000000E+01     3.82700000000000E+03
    2.20000000000000E+01     4.05300000000000E+03
    2.30000000000000E+01     3.85000000000000E+03
    2.40000000000000E+01     3.95400000000000E+03
    2.50000000000000E+01     3.97400000000000E+03
    2.60000000000000E+01     4.00300000000000E+03
    2.70000000000000E+01     3.67000000000000E+03
    2.80000000000000E+01     3.82800000000000E+03
    2.90000000000000E+01     4.03600000000000E+03
    3.00000000000000E+01     3.95500000000000E+03
    3.10000000000000E+01     3.83400000000000E+03
    3.20000000000000E+01     3.76000000000000E+03
    3.30000000000000E+01     3.83800000000000E+03
    3.40000000000000E+01     3.76900000000000E+03
    3.50000000000000E+01     3.90400000000000E+03
    3.60000000000000E+01     4.02300000000000E+03
    3.70000000000000E+01     3.90300000000000E+03
    3.80000000000000E+01     3.89300000000000E+03
    3.90000000000000E+01     4.05600000000000E+03
    4.00000000000000E+01     4.06100000000000E+03
    4.10000000000000E+01     3.97400000000000E+03
    4.20000000000000E+01     3.69500000000000E+03
    4.30000000000000E+01     3.68900000000000E+03
    4.40000000000000E+01     3.87700000000000E+03
    4.50000000000000E+01     3.57200000000000E+03
    4.60000000000000E+01     3.80300000000000E+03
    4.70000000000000E+01     4.01500000000000E+03
    4.80000000000000E+01     3.96800000000000E+03
    4.90000000000000E+01     3.69500000000000E+03
    5.00000000000000E+01     3.68000000000000E+03
    5.10000000000000E+01     3.88900000000000E+03
    5.20000000000000E+01     3.79800000000000E+03
    5.30000000000000E+01     4.01300000000000E+03
    5.40000000000000E+01     3.98200000000000E+03
    5.50000000000000E+01     3.60200000000000E+03
    5.60000000000000E+01     3.52400000000000E+03
    5.70000000000000E+01     3.81100000000000E+03
    5.80000000000000E+01     3.75500000000000E+03
    5.90000000000000E+01     4.02000000000000E+03
    6.00000000000000E+01     3.63600000000000E+03
    6.10000000000000E+01     3.70400000000000E+03
    6.20000000000000E+01     3.90300000000000E+03
    6.30000000000000E+01     3.59600000000000E+03
    6.40000000000000E+01     3.59800000000000E+03
    6.50000000000000E+01     3.63400000000000E+03
    6.60000000000000E+01     3.78500000000000E+03
    6.70000000000000E+01     3.81700000000000E+03
    6.80000000000000E+01     4.40600000000000E+03
    6.90000000000000E+01     4.11700000000000E+03
    7.00000000000000E+01     4.17200000000000E+03
    7.10000000000000E+01     4.27000000000000E+03
    7.20000000000000E+01     4.48600000000000E+03
    7.30000000000000E+01     4.39500000000000E+03
    7.40000000000000E+01     3.98300000000000E+03
    7.50000000000000E+01     3.96600000000000E+03
    7.60000000000000E+01     3.95700000000000E+03
    7.70000000000000E+01     3.77500000000000E+03
    7.80000000000000E+01     3.78400000000000E+03
    7.90000000000000E+01     4.05700000000000E+03
    8.00000000000000E+01     3.91700000000000E+03
    8.10000000000000E+01     3.89600000000000E+03
    8.20000000000000E+01     3.75800000000000E+03
    8.30000000000000E+01     3.92200000000000E+03
    8.40000000000000E+01     3.73900000000000E+03
    8.50000000000000E+01     3.78000000000000E+03
    8.60000000000000E+01     3.95400000000000E+03
    8.70000000000000E+01     3.72900000000000E+03
    8.80000000000000E+01     3.94100000000000E+03
    8.90000000000000E+01     3.86900000000000E+03
    9.00000000000000E+01     4.02800000000000E+03
    9.10000000000000E+01     3.96700000000000E+03
    9.20000000000000E+01     4.02900000000000E+03
    9.30000000000000E+01     3.84600000000000E+03
    9.40000000000000E+01     3.96500000000000E+03
    9.50000000000000E+01     3.94700000000000E+03
    9.60000000000000E+01     3.96700000000000E+03
    9.70000000000000E+01     3.82900000000000E+03
    9.80000000000000E+01     3.90000000000000E+03
    9.90000000000000E+01     3.74200000000000E+03
    1.00000000000000E+02     3.78900000000000E+03
    1.01000000000000E+02     4.01000000000000E+03
    1.02000000000000E+02     4.03400000000000E+03
    1.03000000000000E+02     3.76100000000000E+03
    1.04000000000000E+02     3.74100000000000E+03
    1.05000000000000E+02     3.82200000000000E+03
    1.06000000000000E+02     4.02300000000000E+03
    1.07000000000000E+02     4.09700000000000E+03
    1.08000000000000E+02     4.24800000000000E+03
    1.09000000000000E+02     4.43000000000000E+03
    1.10000000000000E+02     4.53200000000000E+03
    1.11000000000000E+02     4.40600000000000E+03
    1.12000000000000E+02     4.40800000000000E+03
    1.13000000000000E+02     4.56500000000000E+03
    1.14000000000000E+02     4.44700000000000E+03
    1.15000000000000E+02     4.54300000000000E+03
    1.16000000000000E+02     4.51800000000000E+03
    1.17000000000000E+02     4.58800000000000E+03
    1.18000000000000E+02     4.58200000000000E+03
    1.19000000000000E+02     4.62200000000000E+03
    1.20000000000000E+02     4.47100000000000E+03
    1.21000000000000E+02     4.29000000000000E+03
    1.22000000000000E+02     4.36400000000000E+03
    1.23000000000000E+02     4.47900000000000E+03
    1.24000000000000E+02     4.44400000000000E+03
    1.25000000000000E+02     4.30200000000000E+03
    1.26000000000000E+02     4.15800000000000E+03
    1.27000000000000E+02     4.28500000000000E+03
    1.28000000000000E+02     4.23500000000000E+03
    1.29000000000000E+02     4.08400000000000E+03
    1.30000000000000E+02     4.27700000000000E+03
    1.31000000000000E+02     4.10500000000000E+03
    1.32000000000000E+02     3.95900000000000E+03
    1.33000000000000E+02     3.97000000000000E+03
    1.34000000000000E+02     3.87300000000000E+03
    1.35000000000000E+02     2.81400000000000E+03
    1.36000000000000E+02     2.96700000000000E+03
    1.37000000000000E+02     3.35800000000000E+03
    1.38000000000000E+02     3.49800000000000E+03
    1.39000000000000E+02     3.68000000000000E+03
    1.40000000000000E+02     3.97500000000000E+03
    1.41000000000000E+02     3.86300000000000E+03
    1.42000000000000E+02     4.12900000000000E+03
    1.43000000000000E+02     3.73200000000000E+03
    1.44000000000000E+02     3.90800000000000E+03
    1.45000000000000E+02     3.53900000000000E+03
    1.46000000000000E+02     3.55100000000000E+03
    1.47000000000000E+02     3.91700000000000E+03
    1.48000000000000E+02     3.45800000000000E+03
    1.49000000000000E+02     3.67600000000000E+03
    1.50000000000000E+02     3.49000000000000E+03
    1.51000000000000E+02     3.54700000000000E+03
    1.52000000000000E+02     3.78500000000000E+03
    1.53000000000000E+02     3.99800000000000E+03
    1.54000000000000E+02     3.91700000000000E+03
    1.55000000000000E+02     3.81800000000000E+03
    1.56000000000000E+02     3.83100000000000E+03
    1.57000000000000E+02     3.75300000000000E+03
    1.58000000000000E+02     4.14900000000000E+03
    1.59000000000000E+02     4.30200000000000E+03
    1.60000000000000E+02     4.23500000000000E+03
    1.61000000000000E+02     4.18000000000000E+03
    1.62000000000000E+02     4.12200000000000E+03
    1.63000000000000E+02     3.88100000000000E+03
    1.64000000000000E+02     4.08400000000000E+03
    1.65000000000000E+02     3.89200000000000E+03
    1.66000000000000E+02     3.88200000000000E+03
    1.67000000000000E+02     3.90000000000000E+03
    1.68000000000000E+02     3.65700000000000E+03
    1.69000000000000E+02     3.62500000000000E+03
    1.70000000000000E+02     3.77800000000000E+03
    1.71000000000000E+02     3.84300000000000E+03
    1.72000000000000E+02     4.10600000000000E+03
    1.73000000000000E+02     4.17900000000000E+03
    1.74000000000000E+02     3.93800000000000E+03
    1.75000000000000E+02     3.75800000000000E+03
    1.76000000000000E+02     3.81300000000000E+03
    1.77000000000000E+02     3.84600000000000E+03
    1.78000000000000E+02     4.06100000000000E+03
    1.79000000000000E+02     4.19000000000000E+03
    1.80000000000000E+02     4.10300000000000E+03
    1.81000000000000E+02     3.84500000000000E+03
    1.82000000000000E+02     3.71000000000000E+03
    1.83000000000000E+02     3.94000000000000E+03
    1.84000000000000E+02     3.69700000000000E+03
    1.85000000000000E+02     3.82300000000000E+03
    1.86000000000000E+02     4.07100000000000E+03
    1.87000000000000E+02     3.94200000000000E+03
    1.88000000000000E+02     3.82100000000000E+03
    1.89000000000000E+02     3.83800000000000E+03
    1.90000000000000E+02     4.15500000000000E+03
    1.91000000000000E+02     3.81000000000000E+03
    1.92000000000000E+02     3.84000000000000E+03
    1.93000000000000E+02     3.97300000000000E+03
    1.94000000000000E+02     3.84100000000000E+03
    1.95000000000000E+02     4.11500000000000E+03
    1.96000000000000E+02     4.15500000000000E+03
    1.97000000000000E+02     4.21000000000000E+03
    1.98000000000000E+02     4.16500000000000E+03
    1.99000000000000E+02     4.32700000000000E+03
    2.00000000000000E+02     4.34900000000000E+03
    2.01000000000000E+02     4.58700000000000E+03
    2.02000000000000E+02     4.77200000000000E+03
    2.03000000000000E+02     5.06600000000000E+03
    2.04000000000000E+02     5.12900000000000E+03
    2.05000000000000E+02     4.93500000000000E+03
    2.06000000000000E+02     4.88400000000000E+03
    2.07000000000000E+02     4.71100000000000E+03
    2.08000000000000E+02     4.70900000000000E+03
    2.09000000000000E+02     4.73100000000000E+03
    2.10000000000000E+02     5.07700000000000E+03
    2.11000000000000E+02     5.13100000000000E+03
    2.12000000000000E+02     5.30100000000000E+03
    2.13000000000000E+02     5.26000000000000E+03
    2.14000000000000E+02     5.32300000000000E+03
    2.15000000000000E+02     5.41900000000000E+03
    2.16000000000000E+02     5.66600000000000E+03
    2.17000000000000E+02     5.58600000000000E+03
    2.18000000000000E+02     5.72800000000000E+03
    2.19000000000000E+02     5.84300000000000E+03
    2.20000000000000E+02     5.80200000000000E+03
    2.21000000000000E+02     5.64200000000000E+03
    2.22000000000000E+02     5.59000000000000E+03
    2.23000000000000E+02     6.00700000000000E+03
    2.24000000000000E+02     5.85300000000000E+03
    2.25000000000000E+02     5.97600000000000E+03
    2.26000000000000E+02     6.16200000000000E+03
    2.27000000000000E+02     6.29800000000000E+03
    2.28000000000000E+02     6.82600000000000E+03
    2.29000000000000E+02     6.94500000000000E+03
    2.30000000000000E+02     7.01800000000000E+03
    2.31000000000000E+02     7.20000000000000E+03
    2.32000000000000E+02     7.27500000000000E+03
    2.33000000000000E+02     7.25600000000000E+03
    2.34000000000000E+02     7.69200000000000E+03
    2.35000000000000E+02     8.02100000000000E+03
    2.36000000000000E+02     8.92500000000000E+03
    2.37000000000000E+02     8.97600000000000E+03
    2.38000000000000E+02     9.72500000000000E+03
    2.39000000000000E+02     9.92300000000000E+03
    2.40000000000000E+02     1.06230000000000E+04
    2.41000000000000E+02     1.13460000000000E+04
    2.42000000000000E+02     1.20620000000000E+04
    2.43000000000000E+02     1.33000000000000E+04
    2.44000000000000E+02     1.40900000000000E+04
    2.45000000000000E+02     1.48850000000000E+04
    2.46000000000000E+02     1.56670000000000E+04
    2.47000000000000E+02     1.69030000000000E+04
    2.48000000000000E+02     1.78590000000000E+04
    2.49000000000000E+02     1.98120000000000E+04
