    1.00000000000000E+00     3.53500000000000E+03
    2.00000000000000E+00     3.79300000000000E+03
    3.00000000000000E+00     3.89100000000000E+03
    4.00000000000000E+00     3.89200000000000E+03
    5.00000000000000E+00     3.95600000000000E+03
    6.00000000000000E+00     3.82400000000000E+03
    7.00000000000000E+00     4.03000000000000E+03
    8.00000000000000E+00     4.04400000000000E+03
    9.00000000000000E+00     3.93400000000000E+03
    1.00000000000000E+01     4.06100000000000E+03
    1.10000000000000E+01     4.04700000000000E+03
    1.20000000000000E+01     3.97900000000000E+03
    1.30000000000000E+01     3.86200000000000E+03
    1.40000000000000E+01     4.11400000000000E+03
    1.50000000000000E+01     3.80900000000000E+03
    1.60000000000000E+01     4.11700000000000E+03
    1.70000000000000E+01     3.98900000000000E+03
    1.80000000000000E+01     3.79700000000000E+03
    1.90000000000000E+01     4.00300000000000E+03
    2.00000000000000E+01     3.62800000000000E+03
    2.10000000000000E+01     3.65900000000000E+03
    2.20000000000000E+01     3.93700000000000E+03
    2.30000000000000E+01     3.96600000000000E+03
    2.40000000000000E+01     3.78800000000000E+03
    2.50000000000000E+01     3.87200000000000E+03
    2.60000000000000E+01     3.90000000000000E+03
    2.70000000000000E+01     3.66500000000000E+03
    2.80000000000000E+01     4.00200000000000E+03
    2.90000000000000E+01     3.71000000000000E+03
    3.00000000000000E+01     3.85100000000000E+03
    3.10000000000000E+01     3.95400000000000E+03
    3.20000000000000E+01     3.77700000000000E+03
    3.30000000000000E+01     3.79200000000000E+03
    3.40000000000000E+01     3.96900000000000E+03
    3.50000000000000E+01     3.67700000000000E+03
    3.60000000000000E+01     3.86600000000000E+03
    3.70000000000000E+01     3.71000000000000E+03
    3.80000000000000E+01     3.86100000000000E+03
    3.90000000000000E+01     3.85900000000000E+03
    4.00000000000000E+01     3.95300000000000E+03
    4.10000000000000E+01     4.10000000000000E+03
    4.20000000000000E+01     4.06600000000000E+03
    4.30000000000000E+01     4.08000000000000E+03
    4.40000000000000E+01     3.95600000000000E+03
    4.50000000000000E+01     3.75400000000000E+03
    4.60000000000000E+01     3.76100000000000E+03
    4.70000000000000E+01     4.09700000000000E+03
    4.80000000000000E+01     4.16500000000000E+03
    4.90000000000000E+01     4.16100000000000E+03
    5.00000000000000E+01     4.28400000000000E+03
    5.10000000000000E+01     3.97600000000000E+03
    5.20000000000000E+01     4.15100000000000E+03
    5.30000000000000E+01     3.92500000000000E+03
    5.40000000000000E+01     4.11000000000000E+03
    5.50000000000000E+01     4.02600000000000E+03
    5.60000000000000E+01     4.13400000000000E+03
    5.70000000000000E+01     4.11800000000000E+03
    5.80000000000000E+01     3.93700000000000E+03
    5.90000000000000E+01     3.85100000000000E+03
    6.00000000000000E+01     3.83200000000000E+03
    6.10000000000000E+01     3.81200000000000E+03
    6.20000000000000E+01     4.06400000000000E+03
    6.30000000000000E+01     4.10500000000000E+03
    6.40000000000000E+01     4.15400000000000E+03
    6.50000000000000E+01     4.07100000000000E+03
    6.60000000000000E+01     4.03800000000000E+03
    6.70000000000000E+01     3.87600000000000E+03
    6.80000000000000E+01     3.73700000000000E+03
    6.90000000000000E+01     3.77100000000000E+03
    7.00000000000000E+01     3.69600000000000E+03
    7.10000000000000E+01     3.74300000000000E+03
    7.20000000000000E+01     4.06100000000000E+03
    7.30000000000000E+01     4.18800000000000E+03
    7.40000000000000E+01     3.98600000000000E+03
    7.50000000000000E+01     3.68100000000000E+03
    7.60000000000000E+01     3.65100000000000E+03
    7.70000000000000E+01     3.79200000000000E+03
    7.80000000000000E+01     3.95200000000000E+03
    7.90000000000000E+01     3.95800000000000E+03
    8.00000000000000E+01     3.84400000000000E+03
    8.10000000000000E+01     4.08000000000000E+03
    8.20000000000000E+01     3.91100000000000E+03
    8.30000000000000E+01     3.84900000000000E+03
    8.40000000000000E+01     3.89600000000000E+03
    8.50000000000000E+01     3.73200000000000E+03
    8.60000000000000E+01     3.84600000000000E+03
    8.70000000000000E+01     4.16100000000000E+03
    8.80000000000000E+01     3.97900000000000E+03
    8.90000000000000E+01     3.92700000000000E+03
    9.00000000000000E+01     3.86700000000000E+03
    9.10000000000000E+01     4.09000000000000E+03
    9.20000000000000E+01     4.16800000000000E+03
    9.30000000000000E+01     4.29300000000000E+03
    9.40000000000000E+01     4.10600000000000E+03
    9.50000000000000E+01     4.05700000000000E+03
    9.60000000000000E+01     3.91100000000000E+03
    9.70000000000000E+01     3.71600000000000E+03
    9.80000000000000E+01     3.58800000000000E+03
    9.90000000000000E+01     3.68600000000000E+03
    1.00000000000000E+02     3.96500000000000E+03
    1.01000000000000E+02     4.06200000000000E+03
    1.02000000000000E+02     3.96000000000000E+03
    1.03000000000000E+02     4.06700000000000E+03
    1.04000000000000E+02     4.05800000000000E+03
    1.05000000000000E+02     4.07800000000000E+03
    1.06000000000000E+02     4.29000000000000E+03
    1.07000000000000E+02     4.32500000000000E+03
    1.08000000000000E+02     3.99700000000000E+03
    1.09000000000000E+02     3.84700000000000E+03
    1.10000000000000E+02     4.07900000000000E+03
    1.11000000000000E+02     3.87300000000000E+03
    1.12000000000000E+02     4.08600000000000E+03
    1.13000000000000E+02     3.98100000000000E+03
    1.14000000000000E+02     3.97800000000000E+03
    1.15000000000000E+02     3.76100000000000E+03
    1.16000000000000E+02     3.97900000000000E+03
    1.17000000000000E+02     3.89600000000000E+03
    1.18000000000000E+02     3.85800000000000E+03
    1.19000000000000E+02     4.02800000000000E+03
    1.20000000000000E+02     3.98500000000000E+03
    1.21000000000000E+02     3.72300000000000E+03
    1.22000000000000E+02     3.71200000000000E+03
    1.23000000000000E+02     4.19500000000000E+03
    1.24000000000000E+02     4.17800000000000E+03
    1.25000000000000E+02     4.03400000000000E+03
    1.26000000000000E+02     3.83500000000000E+03
    1.27000000000000E+02     3.71400000000000E+03
    1.28000000000000E+02     3.72100000000000E+03
    1.29000000000000E+02     4.06700000000000E+03
    1.30000000000000E+02     3.95600000000000E+03
    1.31000000000000E+02     4.22500000000000E+03
    1.32000000000000E+02     4.06900000000000E+03
    1.33000000000000E+02     4.38200000000000E+03
    1.34000000000000E+02     4.20400000000000E+03
    1.35000000000000E+02     4.20500000000000E+03
    1.36000000000000E+02     4.64700000000000E+03
    1.37000000000000E+02     4.42400000000000E+03
    1.38000000000000E+02     4.32900000000000E+03
    1.39000000000000E+02     4.26900000000000E+03
    1.40000000000000E+02     4.30400000000000E+03
    1.41000000000000E+02     4.15900000000000E+03
    1.42000000000000E+02     4.20200000000000E+03
    1.43000000000000E+02     3.98800000000000E+03
    1.44000000000000E+02     3.82000000000000E+03
    1.45000000000000E+02     3.65600000000000E+03
    1.46000000000000E+02     3.92900000000000E+03
    1.47000000000000E+02     3.70800000000000E+03
    1.48000000000000E+02     3.78300000000000E+03
    1.49000000000000E+02     3.92000000000000E+03
    1.50000000000000E+02     4.16100000000000E+03
    1.51000000000000E+02     3.93800000000000E+03
    1.52000000000000E+02     3.73100000000000E+03
    1.53000000000000E+02     3.96300000000000E+03
    1.54000000000000E+02     3.51800000000000E+03
    1.55000000000000E+02     3.78300000000000E+03
    1.56000000000000E+02     3.97700000000000E+03
    1.57000000000000E+02     3.96200000000000E+03
    1.58000000000000E+02     3.95800000000000E+03
    1.59000000000000E+02     3.93400000000000E+03
    1.60000000000000E+02     4.06800000000000E+03
    1.61000000000000E+02     4.03400000000000E+03
    1.62000000000000E+02     4.27200000000000E+03
    1.63000000000000E+02     4.22300000000000E+03
    1.64000000000000E+02     4.08700000000000E+03
    1.65000000000000E+02     3.85000000000000E+03
    1.66000000000000E+02     4.02700000000000E+03
    1.67000000000000E+02     3.93800000000000E+03
    1.68000000000000E+02     3.77200000000000E+03
    1.69000000000000E+02     3.93900000000000E+03
    1.70000000000000E+02     3.75100000000000E+03
    1.71000000000000E+02     3.88900000000000E+03
    1.72000000000000E+02     3.91300000000000E+03
    1.73000000000000E+02     3.83900000000000E+03
    1.74000000000000E+02     4.14800000000000E+03
    1.75000000000000E+02     3.85000000000000E+03
    1.76000000000000E+02     3.92900000000000E+03
    1.77000000000000E+02     4.13400000000000E+03
    1.78000000000000E+02     4.19700000000000E+03
    1.79000000000000E+02     4.32100000000000E+03
    1.80000000000000E+02     4.32900000000000E+03
    1.81000000000000E+02     4.31400000000000E+03
    1.82000000000000E+02     4.09400000000000E+03
    1.83000000000000E+02     3.88800000000000E+03
    1.84000000000000E+02     4.00200000000000E+03
    1.85000000000000E+02     4.03800000000000E+03
    1.86000000000000E+02     4.14300000000000E+03
    1.87000000000000E+02     3.84900000000000E+03
    1.88000000000000E+02     3.83100000000000E+03
    1.89000000000000E+02     3.78100000000000E+03
    1.90000000000000E+02     4.22200000000000E+03
    1.91000000000000E+02     3.90400000000000E+03
    1.92000000000000E+02     3.96600000000000E+03
    1.93000000000000E+02     3.99900000000000E+03
    1.94000000000000E+02     3.95000000000000E+03
    1.95000000000000E+02     3.97000000000000E+03
    1.96000000000000E+02     3.91800000000000E+03
    1.97000000000000E+02     3.58300000000000E+03
    1.98000000000000E+02     3.47800000000000E+03
    1.99000000000000E+02     3.74900000000000E+03
    2.00000000000000E+02     3.74800000000000E+03
    2.01000000000000E+02     3.82800000000000E+03
    2.02000000000000E+02     4.12800000000000E+03
    2.03000000000000E+02     4.01500000000000E+03
    2.04000000000000E+02     4.05800000000000E+03
    2.05000000000000E+02     4.04200000000000E+03
    2.06000000000000E+02     4.06600000000000E+03
    2.07000000000000E+02     4.16900000000000E+03
    2.08000000000000E+02     4.16900000000000E+03
    2.09000000000000E+02     4.09500000000000E+03
    2.10000000000000E+02     4.04200000000000E+03
    2.11000000000000E+02     4.02000000000000E+03
    2.12000000000000E+02     4.17200000000000E+03
    2.13000000000000E+02     4.07900000000000E+03
    2.14000000000000E+02     3.72300000000000E+03
    2.15000000000000E+02     3.11600000000000E+03
    2.16000000000000E+02     3.26900000000000E+03
    2.17000000000000E+02     3.43900000000000E+03
    2.18000000000000E+02     3.83000000000000E+03
    2.19000000000000E+02     4.03400000000000E+03
    2.20000000000000E+02     3.62400000000000E+03
    2.21000000000000E+02     3.75800000000000E+03
    2.22000000000000E+02     3.85100000000000E+03
    2.23000000000000E+02     3.93300000000000E+03
    2.24000000000000E+02     3.94100000000000E+03
    2.25000000000000E+02     4.10000000000000E+03
    2.26000000000000E+02     3.71000000000000E+03
    2.27000000000000E+02     3.78800000000000E+03
    2.28000000000000E+02     3.75600000000000E+03
    2.29000000000000E+02     3.92700000000000E+03
    2.30000000000000E+02     3.62800000000000E+03
    2.31000000000000E+02     3.66500000000000E+03
    2.32000000000000E+02     3.75800000000000E+03
    2.33000000000000E+02     3.92400000000000E+03
    2.34000000000000E+02     3.85200000000000E+03
    2.35000000000000E+02     4.15000000000000E+03
    2.36000000000000E+02     4.10100000000000E+03
    2.37000000000000E+02     4.09100000000000E+03
    2.38000000000000E+02     4.09800000000000E+03
    2.39000000000000E+02     3.99000000000000E+03
    2.40000000000000E+02     3.87400000000000E+03
    2.41000000000000E+02     4.15500000000000E+03
    2.42000000000000E+02     3.88000000000000E+03
    2.43000000000000E+02     3.98500000000000E+03
    2.44000000000000E+02     4.14000000000000E+03
    2.45000000000000E+02     4.02500000000000E+03
    2.46000000000000E+02     3.92300000000000E+03
    2.47000000000000E+02     4.14500000000000E+03
    2.48000000000000E+02     4.09300000000000E+03
    2.49000000000000E+02     4.25800000000000E+03
    2.50000000000000E+02     4.39000000000000E+03
    2.51000000000000E+02     4.49700000000000E+03
    2.52000000000000E+02     4.47800000000000E+03
    2.53000000000000E+02     4.64300000000000E+03
    2.54000000000000E+02     4.70900000000000E+03
    2.55000000000000E+02     4.66900000000000E+03
    2.56000000000000E+02     4.61100000000000E+03
    2.57000000000000E+02     4.45100000000000E+03
    2.58000000000000E+02     4.53000000000000E+03
    2.59000000000000E+02     4.66500000000000E+03
    2.60000000000000E+02     4.73600000000000E+03
    2.61000000000000E+02     4.88700000000000E+03
    2.62000000000000E+02     4.76100000000000E+03
    2.63000000000000E+02     4.89700000000000E+03
    2.64000000000000E+02     5.16000000000000E+03
    2.65000000000000E+02     4.76700000000000E+03
    2.66000000000000E+02     5.07700000000000E+03
    2.67000000000000E+02     4.96700000000000E+03
    2.68000000000000E+02     5.27000000000000E+03
    2.69000000000000E+02     5.41400000000000E+03
    2.70000000000000E+02     5.31500000000000E+03
    2.71000000000000E+02     5.02800000000000E+03
    2.72000000000000E+02     4.88500000000000E+03
    2.73000000000000E+02     4.74700000000000E+03
    2.74000000000000E+02     4.90100000000000E+03
    2.75000000000000E+02     5.15700000000000E+03
    2.76000000000000E+02     5.05200000000000E+03
    2.77000000000000E+02     5.09200000000000E+03
    2.78000000000000E+02     5.08300000000000E+03
    2.79000000000000E+02     4.94100000000000E+03
    2.80000000000000E+02     5.21100000000000E+03
    2.81000000000000E+02     5.18900000000000E+03
    2.82000000000000E+02     5.05700000000000E+03
    2.83000000000000E+02     4.98500000000000E+03
    2.84000000000000E+02     4.85700000000000E+03
    2.85000000000000E+02     5.02400000000000E+03
    2.86000000000000E+02     4.87900000000000E+03
    2.87000000000000E+02     4.76700000000000E+03
    2.88000000000000E+02     4.79500000000000E+03
    2.89000000000000E+02     4.78600000000000E+03
    2.90000000000000E+02     4.89100000000000E+03
    2.91000000000000E+02     5.13100000000000E+03
    2.92000000000000E+02     4.91400000000000E+03
    2.93000000000000E+02     4.79000000000000E+03
    2.94000000000000E+02     4.83500000000000E+03
    2.95000000000000E+02     4.85000000000000E+03
    2.96000000000000E+02     4.86100000000000E+03
    2.97000000000000E+02     4.71800000000000E+03
    2.98000000000000E+02     4.40000000000000E+03
    2.99000000000000E+02     4.03000000000000E+03
    3.00000000000000E+02     4.04000000000000E+03
    3.01000000000000E+02     4.09400000000000E+03
    3.02000000000000E+02     3.76900000000000E+03
    3.03000000000000E+02     2.28300000000000E+03
    3.04000000000000E+02     2.90100000000000E+03
    3.05000000000000E+02     3.15600000000000E+03
    3.06000000000000E+02     3.54900000000000E+03
    3.07000000000000E+02     3.57000000000000E+03
    3.08000000000000E+02     3.69400000000000E+03
    3.09000000000000E+02     3.85900000000000E+03
    3.10000000000000E+02     4.10900000000000E+03
    3.11000000000000E+02     3.88500000000000E+03
    3.12000000000000E+02     3.99600000000000E+03
    3.13000000000000E+02     3.80500000000000E+03
    3.14000000000000E+02     4.15900000000000E+03
    3.15000000000000E+02     3.81000000000000E+03
    3.16000000000000E+02     4.11800000000000E+03
    3.17000000000000E+02     4.16200000000000E+03
    3.18000000000000E+02     4.24900000000000E+03
    3.19000000000000E+02     4.48200000000000E+03
    3.20000000000000E+02     4.53800000000000E+03
    3.21000000000000E+02     4.24800000000000E+03
    3.22000000000000E+02     4.05200000000000E+03
    3.23000000000000E+02     3.91300000000000E+03
    3.24000000000000E+02     3.69600000000000E+03
    3.25000000000000E+02     3.84400000000000E+03
    3.26000000000000E+02     3.66300000000000E+03
    3.27000000000000E+02     3.83900000000000E+03
    3.28000000000000E+02     3.74300000000000E+03
    3.29000000000000E+02     3.90700000000000E+03
    3.30000000000000E+02     3.74700000000000E+03
    3.31000000000000E+02     3.93900000000000E+03
    3.32000000000000E+02     3.82600000000000E+03
    3.33000000000000E+02     3.96400000000000E+03
    3.34000000000000E+02     3.92500000000000E+03
    3.35000000000000E+02     3.89600000000000E+03
    3.36000000000000E+02     4.31500000000000E+03
    3.37000000000000E+02     4.22700000000000E+03
    3.38000000000000E+02     4.04300000000000E+03
    3.39000000000000E+02     3.93900000000000E+03
    3.40000000000000E+02     3.82100000000000E+03
    3.41000000000000E+02     3.83500000000000E+03
    3.42000000000000E+02     4.04700000000000E+03
    3.43000000000000E+02     4.03600000000000E+03
    3.44000000000000E+02     3.93400000000000E+03
    3.45000000000000E+02     3.73100000000000E+03
    3.46000000000000E+02     3.69500000000000E+03
    3.47000000000000E+02     3.89600000000000E+03
    3.48000000000000E+02     3.85600000000000E+03
    3.49000000000000E+02     4.17700000000000E+03
    3.50000000000000E+02     3.82900000000000E+03
    3.51000000000000E+02     4.07200000000000E+03
    3.52000000000000E+02     3.91600000000000E+03
    3.53000000000000E+02     3.93100000000000E+03
    3.54000000000000E+02     3.85500000000000E+03
    3.55000000000000E+02     4.18100000000000E+03
    3.56000000000000E+02     4.06300000000000E+03
    3.57000000000000E+02     3.88200000000000E+03
    3.58000000000000E+02     3.90900000000000E+03
    3.59000000000000E+02     4.13800000000000E+03
    3.60000000000000E+02     4.13000000000000E+03
    3.61000000000000E+02     3.80100000000000E+03
    3.62000000000000E+02     3.68900000000000E+03
    3.63000000000000E+02     3.93400000000000E+03
    3.64000000000000E+02     3.64700000000000E+03
    3.65000000000000E+02     4.04000000000000E+03
    3.66000000000000E+02     3.73900000000000E+03
    3.67000000000000E+02     3.68500000000000E+03
    3.68000000000000E+02     3.86600000000000E+03
    3.69000000000000E+02     3.82600000000000E+03
    3.70000000000000E+02     4.23700000000000E+03
    3.71000000000000E+02     4.12100000000000E+03
    3.72000000000000E+02     3.99500000000000E+03
    3.73000000000000E+02     3.96700000000000E+03
    3.74000000000000E+02     4.00900000000000E+03
    3.75000000000000E+02     3.94700000000000E+03
    3.76000000000000E+02     4.10900000000000E+03
    3.77000000000000E+02     4.15100000000000E+03
    3.78000000000000E+02     4.33800000000000E+03
    3.79000000000000E+02     4.28200000000000E+03
    3.80000000000000E+02     4.27300000000000E+03
    3.81000000000000E+02     4.47600000000000E+03
    3.82000000000000E+02     4.37500000000000E+03
    3.83000000000000E+02     4.38800000000000E+03
    3.84000000000000E+02     4.58400000000000E+03
    3.85000000000000E+02     4.56900000000000E+03
    3.86000000000000E+02     4.54100000000000E+03
    3.87000000000000E+02     4.37800000000000E+03
    3.88000000000000E+02     4.25300000000000E+03
    3.89000000000000E+02     4.10400000000000E+03
    3.90000000000000E+02     4.16700000000000E+03
    3.91000000000000E+02     4.21300000000000E+03
    3.92000000000000E+02     4.33900000000000E+03
    3.93000000000000E+02     4.17700000000000E+03
    3.94000000000000E+02     4.28100000000000E+03
    3.95000000000000E+02     4.50300000000000E+03
    3.96000000000000E+02     4.43000000000000E+03
    3.97000000000000E+02     4.37300000000000E+03
    3.98000000000000E+02     4.27800000000000E+03
    3.99000000000000E+02     4.21300000000000E+03
    4.00000000000000E+02     4.28100000000000E+03
    4.01000000000000E+02     4.22700000000000E+03
    4.02000000000000E+02     4.14900000000000E+03
    4.03000000000000E+02     4.16800000000000E+03
    4.04000000000000E+02     3.99500000000000E+03
    4.05000000000000E+02     3.73700000000000E+03
    4.06000000000000E+02     3.29800000000000E+03
    4.07000000000000E+02     3.82900000000000E+03
    4.08000000000000E+02     3.78700000000000E+03
    4.09000000000000E+02     3.97900000000000E+03
    4.10000000000000E+02     3.90900000000000E+03
    4.11000000000000E+02     3.63000000000000E+03
    4.12000000000000E+02     3.62100000000000E+03
    4.13000000000000E+02     3.73600000000000E+03
    4.14000000000000E+02     3.84200000000000E+03
    4.15000000000000E+02     4.02500000000000E+03
    4.16000000000000E+02     3.80500000000000E+03
    4.17000000000000E+02     3.85100000000000E+03
    4.18000000000000E+02     4.02800000000000E+03
    4.19000000000000E+02     3.90900000000000E+03
    4.20000000000000E+02     3.69700000000000E+03
    4.21000000000000E+02     3.75300000000000E+03
    4.22000000000000E+02     3.91900000000000E+03
    4.23000000000000E+02     3.78200000000000E+03
    4.24000000000000E+02     3.97700000000000E+03
    4.25000000000000E+02     3.80000000000000E+03
    4.26000000000000E+02     3.89200000000000E+03
    4.27000000000000E+02     3.93400000000000E+03
    4.28000000000000E+02     3.89900000000000E+03
    4.29000000000000E+02     3.89600000000000E+03
    4.30000000000000E+02     3.98300000000000E+03
    4.31000000000000E+02     4.02400000000000E+03
    4.32000000000000E+02     4.01700000000000E+03
    4.33000000000000E+02     3.63900000000000E+03
    4.34000000000000E+02     3.45200000000000E+03
    4.35000000000000E+02     3.70300000000000E+03
    4.36000000000000E+02     3.90600000000000E+03
    4.37000000000000E+02     3.61900000000000E+03
    4.38000000000000E+02     3.59400000000000E+03
    4.39000000000000E+02     3.84200000000000E+03
    4.40000000000000E+02     4.15600000000000E+03
    4.41000000000000E+02     3.89500000000000E+03
    4.42000000000000E+02     3.90100000000000E+03
    4.43000000000000E+02     4.04200000000000E+03
    4.44000000000000E+02     3.65100000000000E+03
    4.45000000000000E+02     3.62900000000000E+03
    4.46000000000000E+02     3.64300000000000E+03
    4.47000000000000E+02     4.07300000000000E+03
    4.48000000000000E+02     3.97600000000000E+03
    4.49000000000000E+02     3.99000000000000E+03
    4.50000000000000E+02     3.88900000000000E+03
    4.51000000000000E+02     4.02500000000000E+03
    4.52000000000000E+02     3.87700000000000E+03
    4.53000000000000E+02     3.87500000000000E+03
    4.54000000000000E+02     3.88600000000000E+03
    4.55000000000000E+02     3.75800000000000E+03
    4.56000000000000E+02     3.75100000000000E+03
    4.57000000000000E+02     3.89700000000000E+03
    4.58000000000000E+02     3.61800000000000E+03
    4.59000000000000E+02     3.71000000000000E+03
    4.60000000000000E+02     3.96800000000000E+03
    4.61000000000000E+02     3.47400000000000E+03
    4.62000000000000E+02     3.39700000000000E+03
    4.63000000000000E+02     3.46900000000000E+03
    4.64000000000000E+02     3.65500000000000E+03
    4.65000000000000E+02     3.86600000000000E+03
    4.66000000000000E+02     4.02000000000000E+03
    4.67000000000000E+02     3.69800000000000E+03
    4.68000000000000E+02     3.73100000000000E+03
    4.69000000000000E+02     3.80300000000000E+03
    4.70000000000000E+02     4.06800000000000E+03
    4.71000000000000E+02     3.76700000000000E+03
    4.72000000000000E+02     4.06200000000000E+03
    4.73000000000000E+02     3.73800000000000E+03
    4.74000000000000E+02     3.79500000000000E+03
    4.75000000000000E+02     3.86300000000000E+03
    4.76000000000000E+02     3.96400000000000E+03
    4.77000000000000E+02     3.82900000000000E+03
    4.78000000000000E+02     3.81600000000000E+03
    4.79000000000000E+02     4.15600000000000E+03
    4.80000000000000E+02     3.93000000000000E+03
    4.81000000000000E+02     3.99000000000000E+03
    4.82000000000000E+02     4.27600000000000E+03
    4.83000000000000E+02     4.39300000000000E+03
    4.84000000000000E+02     4.15800000000000E+03
    4.85000000000000E+02     4.15100000000000E+03
    4.86000000000000E+02     4.23300000000000E+03
    4.87000000000000E+02     4.09500000000000E+03
    4.88000000000000E+02     4.10200000000000E+03
    4.89000000000000E+02     4.13500000000000E+03
    4.90000000000000E+02     4.06400000000000E+03
    4.91000000000000E+02     4.12300000000000E+03
    4.92000000000000E+02     4.13200000000000E+03
    4.93000000000000E+02     3.77000000000000E+03
    4.94000000000000E+02     2.88100000000000E+03
    4.95000000000000E+02     3.09100000000000E+03
    4.96000000000000E+02     3.23600000000000E+03
    4.97000000000000E+02     3.41600000000000E+03
    4.98000000000000E+02     3.64600000000000E+03
    4.99000000000000E+02     3.75000000000000E+03
    5.00000000000000E+02     4.07900000000000E+03
    5.01000000000000E+02     4.25700000000000E+03
    5.02000000000000E+02     4.15000000000000E+03
    5.03000000000000E+02     3.97600000000000E+03
    5.04000000000000E+02     3.94400000000000E+03
    5.05000000000000E+02     3.79000000000000E+03
    5.06000000000000E+02     3.71800000000000E+03
    5.07000000000000E+02     3.95400000000000E+03
    5.08000000000000E+02     3.90100000000000E+03
    5.09000000000000E+02     3.83100000000000E+03
    5.10000000000000E+02     3.98200000000000E+03
    5.11000000000000E+02     3.83000000000000E+03
    5.12000000000000E+02     3.84600000000000E+03
    5.13000000000000E+02     3.83100000000000E+03
    5.14000000000000E+02     4.02200000000000E+03
    5.15000000000000E+02     3.91500000000000E+03
    5.16000000000000E+02     3.79200000000000E+03
    5.17000000000000E+02     3.75100000000000E+03
    5.18000000000000E+02     3.96300000000000E+03
    5.19000000000000E+02     4.06000000000000E+03
    5.20000000000000E+02     3.97100000000000E+03
    5.21000000000000E+02     3.74900000000000E+03
    5.22000000000000E+02     3.66100000000000E+03
    5.23000000000000E+02     3.70800000000000E+03
    5.24000000000000E+02     3.99700000000000E+03
    5.25000000000000E+02     3.95900000000000E+03
    5.26000000000000E+02     4.07400000000000E+03
    5.27000000000000E+02     3.90400000000000E+03
    5.28000000000000E+02     3.90300000000000E+03
    5.29000000000000E+02     4.00500000000000E+03
    5.30000000000000E+02     3.93800000000000E+03
    5.31000000000000E+02     3.92100000000000E+03
    5.32000000000000E+02     4.16800000000000E+03
    5.33000000000000E+02     4.19100000000000E+03
    5.34000000000000E+02     4.11500000000000E+03
    5.35000000000000E+02     4.02500000000000E+03
    5.36000000000000E+02     4.19900000000000E+03
    5.37000000000000E+02     4.34600000000000E+03
    5.38000000000000E+02     4.37800000000000E+03
    5.39000000000000E+02     4.46200000000000E+03
    5.40000000000000E+02     4.72500000000000E+03
    5.41000000000000E+02     4.61600000000000E+03
    5.42000000000000E+02     4.31200000000000E+03
    5.43000000000000E+02     4.31600000000000E+03
    5.44000000000000E+02     4.39700000000000E+03
    5.45000000000000E+02     4.39000000000000E+03
    5.46000000000000E+02     4.53100000000000E+03
    5.47000000000000E+02     4.63100000000000E+03
    5.48000000000000E+02     4.72800000000000E+03
    5.49000000000000E+02     4.56600000000000E+03
    5.50000000000000E+02     4.56400000000000E+03
    5.51000000000000E+02     4.93900000000000E+03
    5.52000000000000E+02     4.95400000000000E+03
    5.53000000000000E+02     4.79300000000000E+03
    5.54000000000000E+02     4.72300000000000E+03
    5.55000000000000E+02     4.83000000000000E+03
    5.56000000000000E+02     4.85000000000000E+03
    5.57000000000000E+02     4.81400000000000E+03
    5.58000000000000E+02     4.51500000000000E+03
    5.59000000000000E+02     4.45700000000000E+03
    5.60000000000000E+02     4.49200000000000E+03
    5.61000000000000E+02     4.35200000000000E+03
    5.62000000000000E+02     4.38600000000000E+03
    5.63000000000000E+02     4.45800000000000E+03
    5.64000000000000E+02     4.44400000000000E+03
    5.65000000000000E+02     4.18600000000000E+03
    5.66000000000000E+02     3.98300000000000E+03
    5.67000000000000E+02     3.81200000000000E+03
    5.68000000000000E+02     2.44900000000000E+03
    5.69000000000000E+02     2.81100000000000E+03
    5.70000000000000E+02     3.23300000000000E+03
    5.71000000000000E+02     3.55300000000000E+03
    5.72000000000000E+02     3.75200000000000E+03
    5.73000000000000E+02     3.80300000000000E+03
    5.74000000000000E+02     3.91700000000000E+03
    5.75000000000000E+02     4.02900000000000E+03
    5.76000000000000E+02     4.00200000000000E+03
    5.77000000000000E+02     3.94400000000000E+03
    5.78000000000000E+02     3.70500000000000E+03
    5.79000000000000E+02     3.84500000000000E+03
    5.80000000000000E+02     3.94800000000000E+03
    5.81000000000000E+02     3.73300000000000E+03
    5.82000000000000E+02     3.97800000000000E+03
    5.83000000000000E+02     3.86700000000000E+03
    5.84000000000000E+02     4.10200000000000E+03
    5.85000000000000E+02     4.16100000000000E+03
    5.86000000000000E+02     4.05000000000000E+03
    5.87000000000000E+02     3.84700000000000E+03
    5.88000000000000E+02     3.96400000000000E+03
    5.89000000000000E+02     3.79200000000000E+03
    5.90000000000000E+02     3.89900000000000E+03
    5.91000000000000E+02     3.59200000000000E+03
    5.92000000000000E+02     3.68800000000000E+03
    5.93000000000000E+02     3.82500000000000E+03
    5.94000000000000E+02     3.80700000000000E+03
    5.95000000000000E+02     4.29600000000000E+03
    5.96000000000000E+02     4.19500000000000E+03
    5.97000000000000E+02     4.21600000000000E+03
    5.98000000000000E+02     4.24200000000000E+03
    5.99000000000000E+02     4.28300000000000E+03
    6.00000000000000E+02     4.28300000000000E+03
    6.01000000000000E+02     4.43100000000000E+03
    6.02000000000000E+02     4.53000000000000E+03
    6.03000000000000E+02     4.23300000000000E+03
    6.04000000000000E+02     4.53400000000000E+03
    6.05000000000000E+02     4.41900000000000E+03
    6.06000000000000E+02     4.56000000000000E+03
    6.07000000000000E+02     4.68800000000000E+03
    6.08000000000000E+02     4.54500000000000E+03
    6.09000000000000E+02     4.59100000000000E+03
    6.10000000000000E+02     4.59400000000000E+03
    6.11000000000000E+02     4.56000000000000E+03
    6.12000000000000E+02     4.64500000000000E+03
    6.13000000000000E+02     4.70500000000000E+03
    6.14000000000000E+02     4.76800000000000E+03
    6.15000000000000E+02     4.86100000000000E+03
    6.16000000000000E+02     5.03300000000000E+03
    6.17000000000000E+02     4.81500000000000E+03
    6.18000000000000E+02     4.83100000000000E+03
    6.19000000000000E+02     5.07900000000000E+03
    6.20000000000000E+02     4.82600000000000E+03
    6.21000000000000E+02     4.69100000000000E+03
    6.22000000000000E+02     4.80600000000000E+03
    6.23000000000000E+02     4.69700000000000E+03
    6.24000000000000E+02     4.85800000000000E+03
    6.25000000000000E+02     4.52500000000000E+03
    6.26000000000000E+02     4.47000000000000E+03
    6.27000000000000E+02     4.24400000000000E+03
    6.28000000000000E+02     3.79700000000000E+03
    6.29000000000000E+02     3.66800000000000E+03
    6.30000000000000E+02     3.81900000000000E+03
    6.31000000000000E+02     3.87200000000000E+03
    6.32000000000000E+02     3.73500000000000E+03
    6.33000000000000E+02     4.00500000000000E+03
    6.34000000000000E+02     3.97700000000000E+03
    6.35000000000000E+02     4.00100000000000E+03
    6.36000000000000E+02     3.94300000000000E+03
    6.37000000000000E+02     3.98600000000000E+03
    6.38000000000000E+02     4.01100000000000E+03
    6.39000000000000E+02     3.98200000000000E+03
    6.40000000000000E+02     4.14900000000000E+03
    6.41000000000000E+02     3.93800000000000E+03
    6.42000000000000E+02     3.94200000000000E+03
    6.43000000000000E+02     3.97200000000000E+03
    6.44000000000000E+02     3.90500000000000E+03
    6.45000000000000E+02     3.95600000000000E+03
    6.46000000000000E+02     3.92200000000000E+03
    6.47000000000000E+02     4.01900000000000E+03
    6.48000000000000E+02     3.72600000000000E+03
    6.49000000000000E+02     3.51600000000000E+03
    6.50000000000000E+02     3.68800000000000E+03
    6.51000000000000E+02     3.89400000000000E+03
    6.52000000000000E+02     3.84600000000000E+03
    6.53000000000000E+02     4.10600000000000E+03
    6.54000000000000E+02     4.03600000000000E+03
    6.55000000000000E+02     3.86200000000000E+03
    6.56000000000000E+02     3.69100000000000E+03
    6.57000000000000E+02     3.84200000000000E+03
    6.58000000000000E+02     4.06000000000000E+03
    6.59000000000000E+02     3.74500000000000E+03
    6.60000000000000E+02     3.87700000000000E+03
    6.61000000000000E+02     3.80800000000000E+03
    6.62000000000000E+02     3.90000000000000E+03
    6.63000000000000E+02     3.73600000000000E+03
    6.64000000000000E+02     4.08400000000000E+03
    6.65000000000000E+02     3.99900000000000E+03
    6.66000000000000E+02     3.95300000000000E+03
    6.67000000000000E+02     4.02500000000000E+03
    6.68000000000000E+02     4.02800000000000E+03
    6.69000000000000E+02     3.96600000000000E+03
    6.70000000000000E+02     3.67900000000000E+03
    6.71000000000000E+02     3.83600000000000E+03
    6.72000000000000E+02     3.77000000000000E+03
    6.73000000000000E+02     3.94000000000000E+03
    6.74000000000000E+02     3.92600000000000E+03
    6.75000000000000E+02     3.83400000000000E+03
    6.76000000000000E+02     3.87700000000000E+03
    6.77000000000000E+02     3.87800000000000E+03
    6.78000000000000E+02     4.14700000000000E+03
    6.79000000000000E+02     3.96900000000000E+03
    6.80000000000000E+02     4.16700000000000E+03
    6.81000000000000E+02     3.98600000000000E+03
    6.82000000000000E+02     3.78800000000000E+03
    6.83000000000000E+02     3.94600000000000E+03
    6.84000000000000E+02     3.75000000000000E+03
    6.85000000000000E+02     3.73800000000000E+03
    6.86000000000000E+02     3.79000000000000E+03
    6.87000000000000E+02     4.14700000000000E+03
    6.88000000000000E+02     4.16500000000000E+03
    6.89000000000000E+02     4.22400000000000E+03
    6.90000000000000E+02     4.14000000000000E+03
    6.91000000000000E+02     4.06800000000000E+03
    6.92000000000000E+02     3.92700000000000E+03
    6.93000000000000E+02     3.83900000000000E+03
    6.94000000000000E+02     3.78600000000000E+03
    6.95000000000000E+02     3.84500000000000E+03
    6.96000000000000E+02     4.01400000000000E+03
    6.97000000000000E+02     4.05200000000000E+03
    6.98000000000000E+02     4.10600000000000E+03
    6.99000000000000E+02     4.06400000000000E+03
    7.00000000000000E+02     3.94000000000000E+03
    7.01000000000000E+02     3.92200000000000E+03
    7.02000000000000E+02     3.95500000000000E+03
    7.03000000000000E+02     3.73300000000000E+03
    7.04000000000000E+02     3.79900000000000E+03
    7.05000000000000E+02     4.00300000000000E+03
    7.06000000000000E+02     3.90800000000000E+03
    7.07000000000000E+02     4.02400000000000E+03
    7.08000000000000E+02     4.04700000000000E+03
    7.09000000000000E+02     3.83100000000000E+03
    7.10000000000000E+02     4.23300000000000E+03
    7.11000000000000E+02     4.01000000000000E+03
    7.12000000000000E+02     3.97700000000000E+03
    7.13000000000000E+02     3.82000000000000E+03
    7.14000000000000E+02     3.99400000000000E+03
    7.15000000000000E+02     3.98400000000000E+03
    7.16000000000000E+02     3.78600000000000E+03
    7.17000000000000E+02     4.03900000000000E+03
    7.18000000000000E+02     3.95900000000000E+03
    7.19000000000000E+02     3.90100000000000E+03
    7.20000000000000E+02     3.76400000000000E+03
    7.21000000000000E+02     3.66600000000000E+03
    7.22000000000000E+02     3.79300000000000E+03
    7.23000000000000E+02     3.82600000000000E+03
    7.24000000000000E+02     4.02700000000000E+03
    7.25000000000000E+02     4.12600000000000E+03
    7.26000000000000E+02     4.15900000000000E+03
    7.27000000000000E+02     4.12400000000000E+03
    7.28000000000000E+02     4.59200000000000E+03
    7.29000000000000E+02     4.36100000000000E+03
    7.30000000000000E+02     4.48700000000000E+03
    7.31000000000000E+02     4.48300000000000E+03
    7.32000000000000E+02     4.45900000000000E+03
    7.33000000000000E+02     4.25500000000000E+03
    7.34000000000000E+02     4.39900000000000E+03
    7.35000000000000E+02     4.37100000000000E+03
    7.36000000000000E+02     4.43100000000000E+03
    7.37000000000000E+02     4.55800000000000E+03
    7.38000000000000E+02     4.76500000000000E+03
    7.39000000000000E+02     4.92500000000000E+03
    7.40000000000000E+02     5.10200000000000E+03
    7.41000000000000E+02     5.21200000000000E+03
    7.42000000000000E+02     5.25500000000000E+03
    7.43000000000000E+02     5.51600000000000E+03
    7.44000000000000E+02     5.36700000000000E+03
    7.45000000000000E+02     5.12400000000000E+03
    7.46000000000000E+02     4.91100000000000E+03
    7.47000000000000E+02     5.02600000000000E+03
    7.48000000000000E+02     4.78200000000000E+03
    7.49000000000000E+02     4.82200000000000E+03
    7.50000000000000E+02     4.66700000000000E+03
    7.51000000000000E+02     4.54200000000000E+03
    7.52000000000000E+02     4.76500000000000E+03
    7.53000000000000E+02     4.76700000000000E+03
    7.54000000000000E+02     4.97300000000000E+03
    7.55000000000000E+02     5.07800000000000E+03
    7.56000000000000E+02     5.28800000000000E+03
    7.57000000000000E+02     5.38800000000000E+03
    7.58000000000000E+02     5.35100000000000E+03
    7.59000000000000E+02     5.21700000000000E+03
    7.60000000000000E+02     5.48600000000000E+03
    7.61000000000000E+02     5.64100000000000E+03
    7.62000000000000E+02     5.97600000000000E+03
    7.63000000000000E+02     5.94500000000000E+03
    7.64000000000000E+02     5.97800000000000E+03
    7.65000000000000E+02     6.03600000000000E+03
    7.66000000000000E+02     6.00100000000000E+03
    7.67000000000000E+02     5.89300000000000E+03
    7.68000000000000E+02     6.16500000000000E+03
    7.69000000000000E+02     6.36700000000000E+03
    7.70000000000000E+02     6.43200000000000E+03
    7.71000000000000E+02     6.56700000000000E+03
    7.72000000000000E+02     6.64200000000000E+03
    7.73000000000000E+02     6.75700000000000E+03
    7.74000000000000E+02     6.99800000000000E+03
    7.75000000000000E+02     7.13700000000000E+03
    7.76000000000000E+02     7.51600000000000E+03
    7.77000000000000E+02     7.91800000000000E+03
    7.78000000000000E+02     8.22000000000000E+03
    7.79000000000000E+02     8.38800000000000E+03
    7.80000000000000E+02     8.72300000000000E+03
    7.81000000000000E+02     8.94400000000000E+03
    7.82000000000000E+02     9.08300000000000E+03
    7.83000000000000E+02     9.49900000000000E+03
    7.84000000000000E+02     9.39800000000000E+03
    7.85000000000000E+02     1.02160000000000E+04
    7.86000000000000E+02     1.05360000000000E+04
    7.87000000000000E+02     1.13860000000000E+04
    7.88000000000000E+02     1.19410000000000E+04
    7.89000000000000E+02     1.26070000000000E+04
    7.90000000000000E+02     1.35470000000000E+04
    7.91000000000000E+02     1.43460000000000E+04
    7.92000000000000E+02     1.50380000000000E+04
    7.93000000000000E+02     1.55860000000000E+04
    7.94000000000000E+02     1.68640000000000E+04
    7.95000000000000E+02     1.83140000000000E+04
    7.96000000000000E+02     1.98890000000000E+04
