    1.00000000000000E+00     3.45000000000000E+03
    2.00000000000000E+00     3.63000000000000E+03
    3.00000000000000E+00     3.96900000000000E+03
    4.00000000000000E+00     4.07200000000000E+03
    5.00000000000000E+00     3.91500000000000E+03
    6.00000000000000E+00     4.05000000000000E+03
    7.00000000000000E+00     3.85900000000000E+03
    8.00000000000000E+00     3.95300000000000E+03
    9.00000000000000E+00     3.93200000000000E+03
    1.00000000000000E+01     3.89400000000000E+03
    1.10000000000000E+01     4.02600000000000E+03
    1.20000000000000E+01     3.87300000000000E+03
    1.30000000000000E+01     3.99500000000000E+03
    1.40000000000000E+01     3.87100000000000E+03
    1.50000000000000E+01     4.14900000000000E+03
    1.60000000000000E+01     4.05300000000000E+03
    1.70000000000000E+01     4.02400000000000E+03
    1.80000000000000E+01     3.89400000000000E+03
    1.90000000000000E+01     4.03900000000000E+03
    2.00000000000000E+01     4.19000000000000E+03
    2.10000000000000E+01     3.99600000000000E+03
    2.20000000000000E+01     4.04700000000000E+03
    2.30000000000000E+01     3.83000000000000E+03
    2.40000000000000E+01     3.88000000000000E+03
    2.50000000000000E+01     3.89900000000000E+03
    2.60000000000000E+01     3.84400000000000E+03
    2.70000000000000E+01     3.94700000000000E+03
    2.80000000000000E+01     3.91600000000000E+03
    2.90000000000000E+01     3.91700000000000E+03
    3.00000000000000E+01     3.95300000000000E+03
    3.10000000000000E+01     3.82800000000000E+03
    3.20000000000000E+01     3.92900000000000E+03
    3.30000000000000E+01     3.67300000000000E+03
    3.40000000000000E+01     3.57100000000000E+03
    3.50000000000000E+01     3.90300000000000E+03
    3.60000000000000E+01     3.73500000000000E+03
    3.70000000000000E+01     3.88200000000000E+03
    3.80000000000000E+01     3.89200000000000E+03
    3.90000000000000E+01     3.84600000000000E+03
    4.00000000000000E+01     3.95100000000000E+03
    4.10000000000000E+01     4.08900000000000E+03
    4.20000000000000E+01     4.13100000000000E+03
    4.30000000000000E+01     4.20300000000000E+03
    4.40000000000000E+01     4.24000000000000E+03
    4.50000000000000E+01     4.08500000000000E+03
    4.60000000000000E+01     4.15600000000000E+03
    4.70000000000000E+01     3.98300000000000E+03
    4.80000000000000E+01     4.27000000000000E+03
    4.90000000000000E+01     3.92000000000000E+03
    5.00000000000000E+01     3.93400000000000E+03
    5.10000000000000E+01     4.11900000000000E+03
    5.20000000000000E+01     4.09800000000000E+03
    5.30000000000000E+01     4.24400000000000E+03
    5.40000000000000E+01     4.28500000000000E+03
    5.50000000000000E+01     4.44200000000000E+03
    5.60000000000000E+01     4.44900000000000E+03
    5.70000000000000E+01     4.72700000000000E+03
    5.80000000000000E+01     4.77600000000000E+03
    5.90000000000000E+01     4.84700000000000E+03
    6.00000000000000E+01     5.06600000000000E+03
    6.10000000000000E+01     5.33800000000000E+03
    6.20000000000000E+01     5.55200000000000E+03
    6.30000000000000E+01     5.44800000000000E+03
    6.40000000000000E+01     5.39700000000000E+03
    6.50000000000000E+01     5.74300000000000E+03
    6.60000000000000E+01     5.55300000000000E+03
    6.70000000000000E+01     5.62200000000000E+03
    6.80000000000000E+01     5.90700000000000E+03
    6.90000000000000E+01     5.73500000000000E+03
    7.00000000000000E+01     5.75100000000000E+03
    7.10000000000000E+01     6.00700000000000E+03
    7.20000000000000E+01     6.27900000000000E+03
    7.30000000000000E+01     6.27000000000000E+03
    7.40000000000000E+01     6.50600000000000E+03
    7.50000000000000E+01     6.77400000000000E+03
    7.60000000000000E+01     6.80700000000000E+03
    7.70000000000000E+01     6.96900000000000E+03
    7.80000000000000E+01     7.48000000000000E+03
    7.90000000000000E+01     7.76600000000000E+03
    8.00000000000000E+01     7.97800000000000E+03
    8.10000000000000E+01     8.13600000000000E+03
    8.20000000000000E+01     8.32200000000000E+03
    8.30000000000000E+01     8.72700000000000E+03
    8.40000000000000E+01     9.05900000000000E+03
    8.50000000000000E+01     9.06200000000000E+03
    8.60000000000000E+01     8.92000000000000E+03
    8.70000000000000E+01     9.51600000000000E+03
    8.80000000000000E+01     9.85300000000000E+03
    8.90000000000000E+01     1.02560000000000E+04
    9.00000000000000E+01     1.01850000000000E+04
    9.10000000000000E+01     1.07800000000000E+04
    9.20000000000000E+01     1.12050000000000E+04
    9.30000000000000E+01     1.22700000000000E+04
    9.40000000000000E+01     1.29300000000000E+04
    9.50000000000000E+01     1.35240000000000E+04
    9.60000000000000E+01     1.44700000000000E+04
    9.70000000000000E+01     1.52720000000000E+04
    9.80000000000000E+01     1.66710000000000E+04
    9.90000000000000E+01     1.78020000000000E+04
    1.00000000000000E+02     1.88610000000000E+04
    1.01000000000000E+02     2.01000000000000E+04
