    1.00000000000000E+00     3.79800000000000E+03
    2.00000000000000E+00     3.92700000000000E+03
    3.00000000000000E+00     4.04900000000000E+03
    4.00000000000000E+00     4.10500000000000E+03
    5.00000000000000E+00     4.14500000000000E+03
    6.00000000000000E+00     4.00700000000000E+03
    7.00000000000000E+00     4.18100000000000E+03
    8.00000000000000E+00     4.10000000000000E+03
    9.00000000000000E+00     3.84800000000000E+03
    1.00000000000000E+01     3.38500000000000E+03
    1.10000000000000E+01     3.61700000000000E+03
    1.20000000000000E+01     3.92800000000000E+03
    1.30000000000000E+01     3.77400000000000E+03
    1.40000000000000E+01     4.15800000000000E+03
    1.50000000000000E+01     4.00700000000000E+03
    1.60000000000000E+01     4.35800000000000E+03
    1.70000000000000E+01     4.44700000000000E+03
    1.80000000000000E+01     4.53900000000000E+03
    1.90000000000000E+01     4.56200000000000E+03
    2.00000000000000E+01     4.40600000000000E+03
    2.10000000000000E+01     4.51800000000000E+03
    2.20000000000000E+01     4.63300000000000E+03
    2.30000000000000E+01     4.56200000000000E+03
    2.40000000000000E+01     4.70500000000000E+03
    2.50000000000000E+01     5.02000000000000E+03
    2.60000000000000E+01     4.73300000000000E+03
    2.70000000000000E+01     4.75600000000000E+03
    2.80000000000000E+01     4.73700000000000E+03
    2.90000000000000E+01     4.95300000000000E+03
    3.00000000000000E+01     5.18000000000000E+03
    3.10000000000000E+01     5.32000000000000E+03
    3.20000000000000E+01     5.33500000000000E+03
    3.30000000000000E+01     5.30700000000000E+03
    3.40000000000000E+01     5.19100000000000E+03
    3.50000000000000E+01     5.18700000000000E+03
    3.60000000000000E+01     5.59900000000000E+03
    3.70000000000000E+01     5.63800000000000E+03
    3.80000000000000E+01     6.03000000000000E+03
    3.90000000000000E+01     6.17100000000000E+03
    4.00000000000000E+01     6.10000000000000E+03
    4.10000000000000E+01     6.27500000000000E+03
    4.20000000000000E+01     6.25400000000000E+03
    4.30000000000000E+01     5.96300000000000E+03
    4.40000000000000E+01     6.16300000000000E+03
    4.50000000000000E+01     6.43300000000000E+03
    4.60000000000000E+01     6.45500000000000E+03
    4.70000000000000E+01     6.67600000000000E+03
    4.80000000000000E+01     6.97300000000000E+03
    4.90000000000000E+01     7.14100000000000E+03
    5.00000000000000E+01     7.25600000000000E+03
    5.10000000000000E+01     6.95300000000000E+03
    5.20000000000000E+01     7.30900000000000E+03
    5.30000000000000E+01     7.25700000000000E+03
    5.40000000000000E+01     7.35200000000000E+03
    5.50000000000000E+01     7.37100000000000E+03
    5.60000000000000E+01     7.81000000000000E+03
    5.70000000000000E+01     8.18200000000000E+03
    5.80000000000000E+01     8.36200000000000E+03
    5.90000000000000E+01     8.57200000000000E+03
    6.00000000000000E+01     8.85300000000000E+03
    6.10000000000000E+01     8.89400000000000E+03
    6.20000000000000E+01     9.27700000000000E+03
    6.30000000000000E+01     9.33900000000000E+03
    6.40000000000000E+01     9.71300000000000E+03
    6.50000000000000E+01     9.98700000000000E+03
    6.60000000000000E+01     1.04820000000000E+04
    6.70000000000000E+01     1.09060000000000E+04
    6.80000000000000E+01     1.15430000000000E+04
    6.90000000000000E+01     1.24160000000000E+04
    7.00000000000000E+01     1.29560000000000E+04
    7.10000000000000E+01     1.40480000000000E+04
    7.20000000000000E+01     1.55280000000000E+04
    7.30000000000000E+01     1.66640000000000E+04
    7.40000000000000E+01     1.82330000000000E+04
    7.50000000000000E+01     1.91380000000000E+04
    7.60000000000000E+01     2.05040000000000E+04
