    1.00000000000000E+00     3.59900000000000E+03
    2.00000000000000E+00     3.88200000000000E+03
    3.00000000000000E+00     3.86400000000000E+03
    4.00000000000000E+00     3.97900000000000E+03
    5.00000000000000E+00     4.05900000000000E+03
    6.00000000000000E+00     3.95500000000000E+03
    7.00000000000000E+00     3.86900000000000E+03
    8.00000000000000E+00     3.90200000000000E+03
    9.00000000000000E+00     3.74200000000000E+03
    1.00000000000000E+01     3.84500000000000E+03
    1.10000000000000E+01     4.05900000000000E+03
    1.20000000000000E+01     4.10200000000000E+03
    1.30000000000000E+01     3.86400000000000E+03
    1.40000000000000E+01     3.84600000000000E+03
    1.50000000000000E+01     3.98500000000000E+03
    1.60000000000000E+01     3.53400000000000E+03
    1.70000000000000E+01     3.59600000000000E+03
    1.80000000000000E+01     3.86300000000000E+03
    1.90000000000000E+01     3.70300000000000E+03
    2.00000000000000E+01     3.45400000000000E+03
    2.10000000000000E+01     3.80100000000000E+03
    2.20000000000000E+01     4.22100000000000E+03
    2.30000000000000E+01     4.17800000000000E+03
    2.40000000000000E+01     4.39600000000000E+03
    2.50000000000000E+01     4.16100000000000E+03
    2.60000000000000E+01     4.23400000000000E+03
    2.70000000000000E+01     4.14200000000000E+03
    2.80000000000000E+01     3.99000000000000E+03
    2.90000000000000E+01     3.95600000000000E+03
    3.00000000000000E+01     3.86300000000000E+03
    3.10000000000000E+01     3.81700000000000E+03
    3.20000000000000E+01     4.01800000000000E+03
    3.30000000000000E+01     3.67500000000000E+03
    3.40000000000000E+01     3.87300000000000E+03
    3.50000000000000E+01     3.74400000000000E+03
    3.60000000000000E+01     4.05400000000000E+03
    3.70000000000000E+01     3.80000000000000E+03
    3.80000000000000E+01     4.06800000000000E+03
    3.90000000000000E+01     4.02000000000000E+03
    4.00000000000000E+01     3.62200000000000E+03
    4.10000000000000E+01     3.80400000000000E+03
    4.20000000000000E+01     4.04400000000000E+03
    4.30000000000000E+01     4.02800000000000E+03
    4.40000000000000E+01     4.04800000000000E+03
    4.50000000000000E+01     3.89300000000000E+03
    4.60000000000000E+01     4.02000000000000E+03
    4.70000000000000E+01     3.95100000000000E+03
    4.80000000000000E+01     3.86000000000000E+03
    4.90000000000000E+01     3.91300000000000E+03
    5.00000000000000E+01     3.71400000000000E+03
    5.10000000000000E+01     3.70100000000000E+03
    5.20000000000000E+01     4.15200000000000E+03
    5.30000000000000E+01     3.91400000000000E+03
    5.40000000000000E+01     4.16400000000000E+03
    5.50000000000000E+01     4.04400000000000E+03
    5.60000000000000E+01     3.97200000000000E+03
    5.70000000000000E+01     3.97300000000000E+03
    5.80000000000000E+01     3.86600000000000E+03
    5.90000000000000E+01     4.17800000000000E+03
    6.00000000000000E+01     4.08600000000000E+03
    6.10000000000000E+01     4.02900000000000E+03
    6.20000000000000E+01     4.11000000000000E+03
    6.30000000000000E+01     4.36800000000000E+03
    6.40000000000000E+01     4.27800000000000E+03
    6.50000000000000E+01     4.21700000000000E+03
    6.60000000000000E+01     4.28500000000000E+03
    6.70000000000000E+01     4.30200000000000E+03
    6.80000000000000E+01     4.39800000000000E+03
    6.90000000000000E+01     4.67100000000000E+03
    7.00000000000000E+01     4.47300000000000E+03
    7.10000000000000E+01     4.20400000000000E+03
    7.20000000000000E+01     4.12900000000000E+03
    7.30000000000000E+01     4.08800000000000E+03
    7.40000000000000E+01     3.95600000000000E+03
    7.50000000000000E+01     3.66900000000000E+03
    7.60000000000000E+01     3.10800000000000E+03
    7.70000000000000E+01     3.55800000000000E+03
    7.80000000000000E+01     3.66300000000000E+03
    7.90000000000000E+01     3.89700000000000E+03
    8.00000000000000E+01     3.62400000000000E+03
    8.10000000000000E+01     3.70600000000000E+03
    8.20000000000000E+01     3.87700000000000E+03
    8.30000000000000E+01     3.81300000000000E+03
    8.40000000000000E+01     4.04100000000000E+03
    8.50000000000000E+01     3.72000000000000E+03
    8.60000000000000E+01     4.00800000000000E+03
    8.70000000000000E+01     3.69200000000000E+03
    8.80000000000000E+01     3.57500000000000E+03
    8.90000000000000E+01     3.79300000000000E+03
    9.00000000000000E+01     4.07400000000000E+03
    9.10000000000000E+01     3.95900000000000E+03
    9.20000000000000E+01     4.14500000000000E+03
    9.30000000000000E+01     4.05300000000000E+03
    9.40000000000000E+01     4.12000000000000E+03
    9.50000000000000E+01     4.04900000000000E+03
    9.60000000000000E+01     4.34800000000000E+03
    9.70000000000000E+01     4.19200000000000E+03
    9.80000000000000E+01     3.93400000000000E+03
    9.90000000000000E+01     4.01400000000000E+03
    1.00000000000000E+02     3.88500000000000E+03
    1.01000000000000E+02     3.92000000000000E+03
    1.02000000000000E+02     3.49800000000000E+03
    1.03000000000000E+02     3.54100000000000E+03
    1.04000000000000E+02     3.42200000000000E+03
    1.05000000000000E+02     3.57600000000000E+03
    1.06000000000000E+02     3.67700000000000E+03
    1.07000000000000E+02     3.96500000000000E+03
    1.08000000000000E+02     4.26700000000000E+03
    1.09000000000000E+02     4.13500000000000E+03
    1.10000000000000E+02     4.20800000000000E+03
    1.11000000000000E+02     4.00300000000000E+03
    1.12000000000000E+02     3.86800000000000E+03
    1.13000000000000E+02     3.93200000000000E+03
    1.14000000000000E+02     3.88300000000000E+03
    1.15000000000000E+02     3.75400000000000E+03
    1.16000000000000E+02     4.04700000000000E+03
    1.17000000000000E+02     3.83900000000000E+03
    1.18000000000000E+02     4.06300000000000E+03
    1.19000000000000E+02     3.99000000000000E+03
    1.20000000000000E+02     3.94400000000000E+03
    1.21000000000000E+02     3.90500000000000E+03
    1.22000000000000E+02     4.00300000000000E+03
    1.23000000000000E+02     3.82700000000000E+03
    1.24000000000000E+02     3.83800000000000E+03
    1.25000000000000E+02     3.94700000000000E+03
    1.26000000000000E+02     3.79800000000000E+03
    1.27000000000000E+02     4.06800000000000E+03
    1.28000000000000E+02     3.65900000000000E+03
    1.29000000000000E+02     3.73100000000000E+03
    1.30000000000000E+02     3.92600000000000E+03
    1.31000000000000E+02     3.81300000000000E+03
    1.32000000000000E+02     4.06000000000000E+03
    1.33000000000000E+02     3.91800000000000E+03
    1.34000000000000E+02     3.86500000000000E+03
    1.35000000000000E+02     3.99800000000000E+03
    1.36000000000000E+02     3.93100000000000E+03
    1.37000000000000E+02     3.94900000000000E+03
    1.38000000000000E+02     3.95700000000000E+03
    1.39000000000000E+02     4.10500000000000E+03
    1.40000000000000E+02     4.22300000000000E+03
    1.41000000000000E+02     3.98500000000000E+03
    1.42000000000000E+02     3.92100000000000E+03
    1.43000000000000E+02     3.59100000000000E+03
    1.44000000000000E+02     3.23200000000000E+03
    1.45000000000000E+02     3.24900000000000E+03
    1.46000000000000E+02     3.54900000000000E+03
    1.47000000000000E+02     3.78300000000000E+03
    1.48000000000000E+02     3.96900000000000E+03
    1.49000000000000E+02     3.84800000000000E+03
    1.50000000000000E+02     4.00100000000000E+03
    1.51000000000000E+02     3.76500000000000E+03
    1.52000000000000E+02     3.84800000000000E+03
    1.53000000000000E+02     4.17000000000000E+03
    1.54000000000000E+02     4.06800000000000E+03
    1.55000000000000E+02     4.04200000000000E+03
    1.56000000000000E+02     4.11400000000000E+03
    1.57000000000000E+02     4.19400000000000E+03
    1.58000000000000E+02     4.27300000000000E+03
    1.59000000000000E+02     4.13400000000000E+03
    1.60000000000000E+02     4.10800000000000E+03
    1.61000000000000E+02     4.29700000000000E+03
    1.62000000000000E+02     4.11900000000000E+03
    1.63000000000000E+02     4.26500000000000E+03
    1.64000000000000E+02     4.02200000000000E+03
    1.65000000000000E+02     3.85800000000000E+03
    1.66000000000000E+02     3.97400000000000E+03
    1.67000000000000E+02     3.75200000000000E+03
    1.68000000000000E+02     4.07900000000000E+03
    1.69000000000000E+02     3.68400000000000E+03
    1.70000000000000E+02     3.66800000000000E+03
    1.71000000000000E+02     3.96000000000000E+03
    1.72000000000000E+02     3.72500000000000E+03
    1.73000000000000E+02     3.95100000000000E+03
    1.74000000000000E+02     3.51800000000000E+03
    1.75000000000000E+02     3.58600000000000E+03
    1.76000000000000E+02     3.77900000000000E+03
    1.77000000000000E+02     4.08100000000000E+03
    1.78000000000000E+02     3.86500000000000E+03
    1.79000000000000E+02     4.06400000000000E+03
    1.80000000000000E+02     3.76600000000000E+03
    1.81000000000000E+02     3.99600000000000E+03
    1.82000000000000E+02     3.82500000000000E+03
    1.83000000000000E+02     3.81400000000000E+03
    1.84000000000000E+02     3.90700000000000E+03
    1.85000000000000E+02     3.84100000000000E+03
    1.86000000000000E+02     4.05200000000000E+03
    1.87000000000000E+02     4.05600000000000E+03
    1.88000000000000E+02     4.12700000000000E+03
    1.89000000000000E+02     4.20500000000000E+03
    1.90000000000000E+02     4.41600000000000E+03
    1.91000000000000E+02     4.07600000000000E+03
    1.92000000000000E+02     3.97600000000000E+03
    1.93000000000000E+02     3.89000000000000E+03
    1.94000000000000E+02     3.97500000000000E+03
    1.95000000000000E+02     4.04800000000000E+03
    1.96000000000000E+02     3.97900000000000E+03
    1.97000000000000E+02     3.93200000000000E+03
    1.98000000000000E+02     3.82600000000000E+03
    1.99000000000000E+02     3.77600000000000E+03
    2.00000000000000E+02     3.74500000000000E+03
    2.01000000000000E+02     4.15800000000000E+03
    2.02000000000000E+02     3.74300000000000E+03
    2.03000000000000E+02     3.90800000000000E+03
    2.04000000000000E+02     3.66700000000000E+03
    2.05000000000000E+02     3.77900000000000E+03
    2.06000000000000E+02     3.66600000000000E+03
    2.07000000000000E+02     3.75300000000000E+03
    2.08000000000000E+02     3.81800000000000E+03
    2.09000000000000E+02     3.88000000000000E+03
    2.10000000000000E+02     4.01800000000000E+03
    2.11000000000000E+02     4.14100000000000E+03
    2.12000000000000E+02     3.90100000000000E+03
    2.13000000000000E+02     3.93500000000000E+03
    2.14000000000000E+02     3.88900000000000E+03
    2.15000000000000E+02     3.86200000000000E+03
    2.16000000000000E+02     4.14000000000000E+03
    2.17000000000000E+02     3.83400000000000E+03
    2.18000000000000E+02     4.32300000000000E+03
    2.19000000000000E+02     3.85600000000000E+03
    2.20000000000000E+02     4.05900000000000E+03
    2.21000000000000E+02     4.01800000000000E+03
    2.22000000000000E+02     4.12600000000000E+03
    2.23000000000000E+02     3.85700000000000E+03
    2.24000000000000E+02     4.07000000000000E+03
    2.25000000000000E+02     3.82500000000000E+03
    2.26000000000000E+02     3.85800000000000E+03
    2.27000000000000E+02     3.87700000000000E+03
    2.28000000000000E+02     3.98600000000000E+03
    2.29000000000000E+02     4.00400000000000E+03
    2.30000000000000E+02     4.09400000000000E+03
    2.31000000000000E+02     4.12100000000000E+03
    2.32000000000000E+02     4.29100000000000E+03
    2.33000000000000E+02     4.24000000000000E+03
    2.34000000000000E+02     4.41200000000000E+03
    2.35000000000000E+02     4.51900000000000E+03
    2.36000000000000E+02     4.56700000000000E+03
    2.37000000000000E+02     4.20400000000000E+03
    2.38000000000000E+02     4.23600000000000E+03
    2.39000000000000E+02     4.21100000000000E+03
    2.40000000000000E+02     4.12400000000000E+03
    2.41000000000000E+02     3.94800000000000E+03
    2.42000000000000E+02     4.07100000000000E+03
    2.43000000000000E+02     4.29500000000000E+03
    2.44000000000000E+02     4.35700000000000E+03
    2.45000000000000E+02     4.15100000000000E+03
    2.46000000000000E+02     4.25100000000000E+03
    2.47000000000000E+02     4.34900000000000E+03
    2.48000000000000E+02     4.30900000000000E+03
    2.49000000000000E+02     4.50400000000000E+03
    2.50000000000000E+02     4.35700000000000E+03
    2.51000000000000E+02     4.25500000000000E+03
    2.52000000000000E+02     4.20700000000000E+03
    2.53000000000000E+02     4.28000000000000E+03
    2.54000000000000E+02     4.14600000000000E+03
    2.55000000000000E+02     3.85200000000000E+03
    2.56000000000000E+02     3.02800000000000E+03
    2.57000000000000E+02     3.29400000000000E+03
    2.58000000000000E+02     3.55500000000000E+03
    2.59000000000000E+02     3.74500000000000E+03
    2.60000000000000E+02     3.98200000000000E+03
    2.61000000000000E+02     3.64800000000000E+03
    2.62000000000000E+02     3.71400000000000E+03
    2.63000000000000E+02     3.78100000000000E+03
    2.64000000000000E+02     3.97900000000000E+03
    2.65000000000000E+02     3.87400000000000E+03
    2.66000000000000E+02     4.04200000000000E+03
    2.67000000000000E+02     3.88600000000000E+03
    2.68000000000000E+02     3.86500000000000E+03
    2.69000000000000E+02     4.04300000000000E+03
    2.70000000000000E+02     3.77300000000000E+03
    2.71000000000000E+02     3.58400000000000E+03
    2.72000000000000E+02     3.90500000000000E+03
    2.73000000000000E+02     3.78700000000000E+03
    2.74000000000000E+02     3.86800000000000E+03
    2.75000000000000E+02     3.87900000000000E+03
    2.76000000000000E+02     4.00000000000000E+03
    2.77000000000000E+02     4.03200000000000E+03
    2.78000000000000E+02     4.01300000000000E+03
    2.79000000000000E+02     4.10300000000000E+03
    2.80000000000000E+02     4.26200000000000E+03
    2.81000000000000E+02     4.33400000000000E+03
    2.82000000000000E+02     4.25900000000000E+03
    2.83000000000000E+02     4.41100000000000E+03
    2.84000000000000E+02     4.41600000000000E+03
    2.85000000000000E+02     4.24600000000000E+03
    2.86000000000000E+02     4.30800000000000E+03
    2.87000000000000E+02     4.40200000000000E+03
    2.88000000000000E+02     4.31900000000000E+03
    2.89000000000000E+02     4.40900000000000E+03
    2.90000000000000E+02     4.20900000000000E+03
    2.91000000000000E+02     4.41400000000000E+03
    2.92000000000000E+02     4.38500000000000E+03
    2.93000000000000E+02     4.37800000000000E+03
    2.94000000000000E+02     4.39000000000000E+03
    2.95000000000000E+02     4.34300000000000E+03
    2.96000000000000E+02     4.54100000000000E+03
    2.97000000000000E+02     4.55000000000000E+03
    2.98000000000000E+02     4.53200000000000E+03
    2.99000000000000E+02     4.29700000000000E+03
    3.00000000000000E+02     4.13200000000000E+03
    3.01000000000000E+02     3.97300000000000E+03
    3.02000000000000E+02     3.74500000000000E+03
    3.03000000000000E+02     2.74600000000000E+03
    3.04000000000000E+02     3.07700000000000E+03
    3.05000000000000E+02     3.23700000000000E+03
    3.06000000000000E+02     3.31300000000000E+03
    3.07000000000000E+02     3.46700000000000E+03
    3.08000000000000E+02     3.48200000000000E+03
    3.09000000000000E+02     3.90200000000000E+03
    3.10000000000000E+02     4.03200000000000E+03
    3.11000000000000E+02     3.84700000000000E+03
    3.12000000000000E+02     3.84900000000000E+03
    3.13000000000000E+02     3.99900000000000E+03
    3.14000000000000E+02     4.13700000000000E+03
    3.15000000000000E+02     4.07900000000000E+03
    3.16000000000000E+02     3.92500000000000E+03
    3.17000000000000E+02     3.55500000000000E+03
    3.18000000000000E+02     3.28800000000000E+03
    3.19000000000000E+02     3.36100000000000E+03
    3.20000000000000E+02     3.59800000000000E+03
    3.21000000000000E+02     3.62700000000000E+03
    3.22000000000000E+02     3.64200000000000E+03
    3.23000000000000E+02     3.82800000000000E+03
    3.24000000000000E+02     3.88000000000000E+03
    3.25000000000000E+02     4.04900000000000E+03
    3.26000000000000E+02     3.89800000000000E+03
    3.27000000000000E+02     4.14500000000000E+03
    3.28000000000000E+02     4.10400000000000E+03
    3.29000000000000E+02     3.99400000000000E+03
    3.30000000000000E+02     3.98800000000000E+03
    3.31000000000000E+02     4.23300000000000E+03
    3.32000000000000E+02     4.35700000000000E+03
    3.33000000000000E+02     4.08100000000000E+03
    3.34000000000000E+02     4.15600000000000E+03
    3.35000000000000E+02     4.05700000000000E+03
    3.36000000000000E+02     4.21100000000000E+03
    3.37000000000000E+02     4.04000000000000E+03
    3.38000000000000E+02     4.16700000000000E+03
    3.39000000000000E+02     3.99300000000000E+03
    3.40000000000000E+02     3.86700000000000E+03
    3.41000000000000E+02     3.98000000000000E+03
    3.42000000000000E+02     3.98100000000000E+03
    3.43000000000000E+02     3.94700000000000E+03
    3.44000000000000E+02     3.95000000000000E+03
    3.45000000000000E+02     3.84100000000000E+03
    3.46000000000000E+02     3.64900000000000E+03
    3.47000000000000E+02     3.76200000000000E+03
    3.48000000000000E+02     3.99600000000000E+03
    3.49000000000000E+02     3.67400000000000E+03
    3.50000000000000E+02     3.57300000000000E+03
    3.51000000000000E+02     3.76400000000000E+03
    3.52000000000000E+02     3.63500000000000E+03
    3.53000000000000E+02     3.73200000000000E+03
    3.54000000000000E+02     3.85900000000000E+03
    3.55000000000000E+02     3.95700000000000E+03
    3.56000000000000E+02     4.07500000000000E+03
    3.57000000000000E+02     4.15100000000000E+03
    3.58000000000000E+02     4.12300000000000E+03
    3.59000000000000E+02     4.22200000000000E+03
    3.60000000000000E+02     4.10100000000000E+03
    3.61000000000000E+02     4.11400000000000E+03
    3.62000000000000E+02     4.03000000000000E+03
    3.63000000000000E+02     4.16600000000000E+03
    3.64000000000000E+02     4.11400000000000E+03
    3.65000000000000E+02     4.25100000000000E+03
    3.66000000000000E+02     4.16700000000000E+03
    3.67000000000000E+02     4.15900000000000E+03
    3.68000000000000E+02     4.27500000000000E+03
    3.69000000000000E+02     4.08800000000000E+03
    3.70000000000000E+02     4.23100000000000E+03
    3.71000000000000E+02     4.13700000000000E+03
    3.72000000000000E+02     4.25000000000000E+03
    3.73000000000000E+02     4.60900000000000E+03
    3.74000000000000E+02     4.52300000000000E+03
    3.75000000000000E+02     4.44800000000000E+03
    3.76000000000000E+02     4.45200000000000E+03
    3.77000000000000E+02     4.22000000000000E+03
    3.78000000000000E+02     4.01900000000000E+03
    3.79000000000000E+02     4.36100000000000E+03
    3.80000000000000E+02     4.59600000000000E+03
    3.81000000000000E+02     4.71200000000000E+03
    3.82000000000000E+02     4.75500000000000E+03
    3.83000000000000E+02     4.78600000000000E+03
    3.84000000000000E+02     4.84900000000000E+03
    3.85000000000000E+02     4.86800000000000E+03
    3.86000000000000E+02     5.03300000000000E+03
    3.87000000000000E+02     5.09100000000000E+03
    3.88000000000000E+02     5.03600000000000E+03
    3.89000000000000E+02     5.13000000000000E+03
    3.90000000000000E+02     5.14500000000000E+03
