    1.00000000000000E+00     3.58100000000000E+03
    2.00000000000000E+00     3.93800000000000E+03
    3.00000000000000E+00     3.66200000000000E+03
    4.00000000000000E+00     3.65800000000000E+03
    5.00000000000000E+00     3.98400000000000E+03
    6.00000000000000E+00     3.89000000000000E+03
    7.00000000000000E+00     4.09500000000000E+03
    8.00000000000000E+00     3.93700000000000E+03
    9.00000000000000E+00     3.99400000000000E+03
    1.00000000000000E+01     3.88200000000000E+03
    1.10000000000000E+01     4.19500000000000E+03
    1.20000000000000E+01     4.13100000000000E+03
    1.30000000000000E+01     4.35700000000000E+03
    1.40000000000000E+01     4.18900000000000E+03
    1.50000000000000E+01     4.21400000000000E+03
    1.60000000000000E+01     4.17900000000000E+03
    1.70000000000000E+01     4.03500000000000E+03
    1.80000000000000E+01     4.08500000000000E+03
    1.90000000000000E+01     4.13100000000000E+03
    2.00000000000000E+01     4.01500000000000E+03
    2.10000000000000E+01     4.28000000000000E+03
    2.20000000000000E+01     4.25700000000000E+03
    2.30000000000000E+01     4.52100000000000E+03
    2.40000000000000E+01     4.22200000000000E+03
    2.50000000000000E+01     4.16700000000000E+03
    2.60000000000000E+01     3.83200000000000E+03
    2.70000000000000E+01     3.33200000000000E+03
    2.80000000000000E+01     3.36500000000000E+03
    2.90000000000000E+01     3.59300000000000E+03
    3.00000000000000E+01     3.63800000000000E+03
    3.10000000000000E+01     3.91300000000000E+03
    3.20000000000000E+01     3.65700000000000E+03
    3.30000000000000E+01     3.65000000000000E+03
    3.40000000000000E+01     3.96100000000000E+03
    3.50000000000000E+01     3.91400000000000E+03
    3.60000000000000E+01     3.98200000000000E+03
    3.70000000000000E+01     4.09700000000000E+03
    3.80000000000000E+01     4.15900000000000E+03
    3.90000000000000E+01     3.88800000000000E+03
    4.00000000000000E+01     3.89600000000000E+03
    4.10000000000000E+01     3.82900000000000E+03
    4.20000000000000E+01     4.00800000000000E+03
    4.30000000000000E+01     3.78900000000000E+03
    4.40000000000000E+01     3.95300000000000E+03
    4.50000000000000E+01     4.02700000000000E+03
    4.60000000000000E+01     3.81400000000000E+03
    4.70000000000000E+01     4.08700000000000E+03
    4.80000000000000E+01     4.04900000000000E+03
    4.90000000000000E+01     3.77900000000000E+03
    5.00000000000000E+01     3.86500000000000E+03
    5.10000000000000E+01     3.87000000000000E+03
    5.20000000000000E+01     3.80600000000000E+03
    5.30000000000000E+01     3.90200000000000E+03
    5.40000000000000E+01     3.92200000000000E+03
    5.50000000000000E+01     3.95200000000000E+03
    5.60000000000000E+01     3.88300000000000E+03
    5.70000000000000E+01     4.03800000000000E+03
    5.80000000000000E+01     4.06700000000000E+03
    5.90000000000000E+01     3.93700000000000E+03
    6.00000000000000E+01     3.92600000000000E+03
    6.10000000000000E+01     3.84200000000000E+03
    6.20000000000000E+01     4.16900000000000E+03
    6.30000000000000E+01     4.21400000000000E+03
    6.40000000000000E+01     3.95400000000000E+03
    6.50000000000000E+01     3.66300000000000E+03
    6.60000000000000E+01     3.68900000000000E+03
    6.70000000000000E+01     3.75800000000000E+03
    6.80000000000000E+01     3.90300000000000E+03
    6.90000000000000E+01     3.67800000000000E+03
    7.00000000000000E+01     3.83500000000000E+03
    7.10000000000000E+01     3.95200000000000E+03
    7.20000000000000E+01     3.75600000000000E+03
    7.30000000000000E+01     3.65000000000000E+03
    7.40000000000000E+01     3.90800000000000E+03
    7.50000000000000E+01     4.00300000000000E+03
    7.60000000000000E+01     4.03200000000000E+03
    7.70000000000000E+01     3.86900000000000E+03
    7.80000000000000E+01     4.19000000000000E+03
    7.90000000000000E+01     4.07400000000000E+03
    8.00000000000000E+01     4.08000000000000E+03
    8.10000000000000E+01     3.88200000000000E+03
    8.20000000000000E+01     4.22100000000000E+03
    8.30000000000000E+01     4.00900000000000E+03
    8.40000000000000E+01     4.22700000000000E+03
    8.50000000000000E+01     3.95000000000000E+03
    8.60000000000000E+01     3.93500000000000E+03
    8.70000000000000E+01     3.64400000000000E+03
    8.80000000000000E+01     3.52900000000000E+03
    8.90000000000000E+01     3.75400000000000E+03
    9.00000000000000E+01     3.82600000000000E+03
    9.10000000000000E+01     3.89100000000000E+03
    9.20000000000000E+01     3.75000000000000E+03
    9.30000000000000E+01     3.91400000000000E+03
    9.40000000000000E+01     3.61600000000000E+03
    9.50000000000000E+01     3.53900000000000E+03
    9.60000000000000E+01     3.88600000000000E+03
    9.70000000000000E+01     3.72500000000000E+03
    9.80000000000000E+01     3.90300000000000E+03
    9.90000000000000E+01     3.70800000000000E+03
    1.00000000000000E+02     3.59500000000000E+03
    1.01000000000000E+02     3.94700000000000E+03
    1.02000000000000E+02     3.78400000000000E+03
    1.03000000000000E+02     4.07300000000000E+03
    1.04000000000000E+02     3.95000000000000E+03
    1.05000000000000E+02     3.96800000000000E+03
    1.06000000000000E+02     3.61400000000000E+03
    1.07000000000000E+02     3.62200000000000E+03
    1.08000000000000E+02     3.89100000000000E+03
    1.09000000000000E+02     3.52100000000000E+03
    1.10000000000000E+02     3.75300000000000E+03
    1.11000000000000E+02     3.85600000000000E+03
    1.12000000000000E+02     3.96800000000000E+03
    1.13000000000000E+02     3.79200000000000E+03
    1.14000000000000E+02     4.09900000000000E+03
    1.15000000000000E+02     4.08500000000000E+03
    1.16000000000000E+02     4.10800000000000E+03
    1.17000000000000E+02     3.85400000000000E+03
    1.18000000000000E+02     3.71900000000000E+03
    1.19000000000000E+02     3.95300000000000E+03
    1.20000000000000E+02     3.76500000000000E+03
    1.21000000000000E+02     3.83900000000000E+03
    1.22000000000000E+02     4.09100000000000E+03
    1.23000000000000E+02     3.84100000000000E+03
    1.24000000000000E+02     3.98700000000000E+03
    1.25000000000000E+02     3.79000000000000E+03
    1.26000000000000E+02     4.05900000000000E+03
    1.27000000000000E+02     3.86100000000000E+03
    1.28000000000000E+02     4.31000000000000E+03
    1.29000000000000E+02     4.24700000000000E+03
    1.30000000000000E+02     4.18300000000000E+03
    1.31000000000000E+02     4.18600000000000E+03
    1.32000000000000E+02     4.02100000000000E+03
    1.33000000000000E+02     4.15400000000000E+03
    1.34000000000000E+02     4.19500000000000E+03
    1.35000000000000E+02     4.22400000000000E+03
    1.36000000000000E+02     3.97800000000000E+03
    1.37000000000000E+02     3.78500000000000E+03
    1.38000000000000E+02     3.65200000000000E+03
    1.39000000000000E+02     3.63300000000000E+03
    1.40000000000000E+02     3.70200000000000E+03
    1.41000000000000E+02     3.99500000000000E+03
    1.42000000000000E+02     3.77100000000000E+03
    1.43000000000000E+02     3.93400000000000E+03
    1.44000000000000E+02     3.70700000000000E+03
    1.45000000000000E+02     4.01500000000000E+03
    1.46000000000000E+02     3.62700000000000E+03
    1.47000000000000E+02     3.84400000000000E+03
    1.48000000000000E+02     3.95300000000000E+03
    1.49000000000000E+02     4.02500000000000E+03
    1.50000000000000E+02     3.94200000000000E+03
    1.51000000000000E+02     3.93900000000000E+03
    1.52000000000000E+02     3.89100000000000E+03
    1.53000000000000E+02     3.90500000000000E+03
    1.54000000000000E+02     3.77300000000000E+03
    1.55000000000000E+02     3.96700000000000E+03
    1.56000000000000E+02     3.78200000000000E+03
    1.57000000000000E+02     3.87900000000000E+03
    1.58000000000000E+02     3.92300000000000E+03
    1.59000000000000E+02     4.12400000000000E+03
    1.60000000000000E+02     4.02300000000000E+03
    1.61000000000000E+02     4.23500000000000E+03
    1.62000000000000E+02     4.21700000000000E+03
    1.63000000000000E+02     4.30500000000000E+03
    1.64000000000000E+02     4.25300000000000E+03
    1.65000000000000E+02     4.20600000000000E+03
    1.66000000000000E+02     4.01000000000000E+03
    1.67000000000000E+02     4.21900000000000E+03
    1.68000000000000E+02     4.13500000000000E+03
    1.69000000000000E+02     4.10200000000000E+03
    1.70000000000000E+02     4.15700000000000E+03
    1.71000000000000E+02     3.91100000000000E+03
    1.72000000000000E+02     3.48700000000000E+03
    1.73000000000000E+02     2.83800000000000E+03
    1.74000000000000E+02     3.03400000000000E+03
    1.75000000000000E+02     3.36800000000000E+03
    1.76000000000000E+02     3.58000000000000E+03
    1.77000000000000E+02     3.76600000000000E+03
    1.78000000000000E+02     4.09500000000000E+03
    1.79000000000000E+02     4.11600000000000E+03
    1.80000000000000E+02     4.12800000000000E+03
    1.81000000000000E+02     4.19800000000000E+03
    1.82000000000000E+02     4.26700000000000E+03
    1.83000000000000E+02     4.33900000000000E+03
    1.84000000000000E+02     4.42900000000000E+03
    1.85000000000000E+02     4.51200000000000E+03
    1.86000000000000E+02     4.39500000000000E+03
    1.87000000000000E+02     4.21300000000000E+03
    1.88000000000000E+02     4.14100000000000E+03
    1.89000000000000E+02     4.27000000000000E+03
    1.90000000000000E+02     4.28500000000000E+03
    1.91000000000000E+02     4.49600000000000E+03
    1.92000000000000E+02     4.61000000000000E+03
    1.93000000000000E+02     4.36000000000000E+03
    1.94000000000000E+02     4.52500000000000E+03
    1.95000000000000E+02     4.50000000000000E+03
    1.96000000000000E+02     4.11200000000000E+03
    1.97000000000000E+02     4.05300000000000E+03
    1.98000000000000E+02     4.28700000000000E+03
    1.99000000000000E+02     4.08300000000000E+03
    2.00000000000000E+02     4.04600000000000E+03
    2.01000000000000E+02     4.13700000000000E+03
    2.02000000000000E+02     4.38600000000000E+03
    2.03000000000000E+02     4.19300000000000E+03
    2.04000000000000E+02     4.24600000000000E+03
    2.05000000000000E+02     4.21100000000000E+03
    2.06000000000000E+02     4.32800000000000E+03
    2.07000000000000E+02     4.21400000000000E+03
    2.08000000000000E+02     4.15000000000000E+03
    2.09000000000000E+02     4.15500000000000E+03
    2.10000000000000E+02     3.83000000000000E+03
    2.11000000000000E+02     2.76200000000000E+03
    2.12000000000000E+02     3.05500000000000E+03
    2.13000000000000E+02     3.20700000000000E+03
    2.14000000000000E+02     3.37300000000000E+03
    2.15000000000000E+02     3.65600000000000E+03
    2.16000000000000E+02     3.79900000000000E+03
    2.17000000000000E+02     3.92500000000000E+03
    2.18000000000000E+02     3.83100000000000E+03
    2.19000000000000E+02     4.07300000000000E+03
    2.20000000000000E+02     4.11400000000000E+03
    2.21000000000000E+02     4.20200000000000E+03
    2.22000000000000E+02     4.02500000000000E+03
    2.23000000000000E+02     4.05600000000000E+03
    2.24000000000000E+02     3.99400000000000E+03
    2.25000000000000E+02     3.88700000000000E+03
    2.26000000000000E+02     3.62200000000000E+03
    2.27000000000000E+02     3.51400000000000E+03
    2.28000000000000E+02     3.67000000000000E+03
    2.29000000000000E+02     3.86300000000000E+03
    2.30000000000000E+02     3.99000000000000E+03
    2.31000000000000E+02     3.96100000000000E+03
    2.32000000000000E+02     3.89100000000000E+03
    2.33000000000000E+02     3.87400000000000E+03
    2.34000000000000E+02     3.92200000000000E+03
    2.35000000000000E+02     3.79100000000000E+03
    2.36000000000000E+02     3.98000000000000E+03
    2.37000000000000E+02     3.94000000000000E+03
    2.38000000000000E+02     3.95100000000000E+03
    2.39000000000000E+02     3.85900000000000E+03
    2.40000000000000E+02     3.95300000000000E+03
    2.41000000000000E+02     3.73600000000000E+03
    2.42000000000000E+02     3.56900000000000E+03
    2.43000000000000E+02     3.65900000000000E+03
    2.44000000000000E+02     4.02200000000000E+03
    2.45000000000000E+02     3.77100000000000E+03
    2.46000000000000E+02     3.85500000000000E+03
    2.47000000000000E+02     3.76000000000000E+03
    2.48000000000000E+02     3.77500000000000E+03
    2.49000000000000E+02     3.77100000000000E+03
    2.50000000000000E+02     3.97100000000000E+03
    2.51000000000000E+02     3.93100000000000E+03
    2.52000000000000E+02     4.18800000000000E+03
    2.53000000000000E+02     4.00300000000000E+03
    2.54000000000000E+02     3.97000000000000E+03
    2.55000000000000E+02     4.01800000000000E+03
    2.56000000000000E+02     4.12300000000000E+03
    2.57000000000000E+02     4.38200000000000E+03
    2.58000000000000E+02     4.20100000000000E+03
    2.59000000000000E+02     4.11800000000000E+03
    2.60000000000000E+02     4.13900000000000E+03
    2.61000000000000E+02     4.22400000000000E+03
    2.62000000000000E+02     4.23000000000000E+03
    2.63000000000000E+02     4.20200000000000E+03
    2.64000000000000E+02     4.35900000000000E+03
    2.65000000000000E+02     4.51200000000000E+03
    2.66000000000000E+02     4.27000000000000E+03
    2.67000000000000E+02     4.34300000000000E+03
    2.68000000000000E+02     4.34000000000000E+03
    2.69000000000000E+02     4.60800000000000E+03
    2.70000000000000E+02     4.54100000000000E+03
    2.71000000000000E+02     4.43900000000000E+03
    2.72000000000000E+02     4.49600000000000E+03
    2.73000000000000E+02     4.23900000000000E+03
    2.74000000000000E+02     4.24700000000000E+03
    2.75000000000000E+02     4.04600000000000E+03
    2.76000000000000E+02     3.82800000000000E+03
    2.77000000000000E+02     3.39500000000000E+03
    2.78000000000000E+02     3.41400000000000E+03
    2.79000000000000E+02     3.66500000000000E+03
    2.80000000000000E+02     3.83000000000000E+03
    2.81000000000000E+02     3.90700000000000E+03
    2.82000000000000E+02     3.89700000000000E+03
    2.83000000000000E+02     3.94300000000000E+03
    2.84000000000000E+02     3.74100000000000E+03
    2.85000000000000E+02     3.85800000000000E+03
    2.86000000000000E+02     3.84400000000000E+03
    2.87000000000000E+02     4.27000000000000E+03
    2.88000000000000E+02     4.09700000000000E+03
    2.89000000000000E+02     4.21200000000000E+03
    2.90000000000000E+02     4.13100000000000E+03
    2.91000000000000E+02     4.00800000000000E+03
    2.92000000000000E+02     3.63900000000000E+03
    2.93000000000000E+02     3.67200000000000E+03
    2.94000000000000E+02     3.82900000000000E+03
    2.95000000000000E+02     4.05100000000000E+03
    2.96000000000000E+02     4.21400000000000E+03
    2.97000000000000E+02     4.32900000000000E+03
    2.98000000000000E+02     4.28000000000000E+03
    2.99000000000000E+02     4.15200000000000E+03
    3.00000000000000E+02     3.93600000000000E+03
    3.01000000000000E+02     3.79000000000000E+03
    3.02000000000000E+02     3.92700000000000E+03
    3.03000000000000E+02     3.59900000000000E+03
    3.04000000000000E+02     3.64900000000000E+03
    3.05000000000000E+02     3.86500000000000E+03
    3.06000000000000E+02     3.79700000000000E+03
    3.07000000000000E+02     3.96000000000000E+03
    3.08000000000000E+02     3.82000000000000E+03
    3.09000000000000E+02     4.01100000000000E+03
    3.10000000000000E+02     3.76000000000000E+03
    3.11000000000000E+02     3.90000000000000E+03
    3.12000000000000E+02     3.66700000000000E+03
    3.13000000000000E+02     3.85800000000000E+03
    3.14000000000000E+02     3.96600000000000E+03
    3.15000000000000E+02     3.84600000000000E+03
    3.16000000000000E+02     3.89900000000000E+03
    3.17000000000000E+02     3.72600000000000E+03
    3.18000000000000E+02     3.79300000000000E+03
    3.19000000000000E+02     3.88300000000000E+03
    3.20000000000000E+02     3.91500000000000E+03
    3.21000000000000E+02     3.65600000000000E+03
    3.22000000000000E+02     3.74100000000000E+03
    3.23000000000000E+02     3.86500000000000E+03
    3.24000000000000E+02     3.98500000000000E+03
    3.25000000000000E+02     3.75400000000000E+03
    3.26000000000000E+02     4.00400000000000E+03
    3.27000000000000E+02     3.79700000000000E+03
    3.28000000000000E+02     3.78900000000000E+03
    3.29000000000000E+02     3.76700000000000E+03
    3.30000000000000E+02     3.74100000000000E+03
    3.31000000000000E+02     4.12500000000000E+03
    3.32000000000000E+02     3.90900000000000E+03
    3.33000000000000E+02     3.92500000000000E+03
    3.34000000000000E+02     3.79400000000000E+03
    3.35000000000000E+02     3.86100000000000E+03
    3.36000000000000E+02     3.74900000000000E+03
    3.37000000000000E+02     4.02000000000000E+03
    3.38000000000000E+02     3.86300000000000E+03
    3.39000000000000E+02     3.95500000000000E+03
    3.40000000000000E+02     4.05400000000000E+03
    3.41000000000000E+02     3.77000000000000E+03
    3.42000000000000E+02     3.89800000000000E+03
    3.43000000000000E+02     3.80700000000000E+03
    3.44000000000000E+02     4.03500000000000E+03
    3.45000000000000E+02     3.96100000000000E+03
    3.46000000000000E+02     3.80000000000000E+03
    3.47000000000000E+02     3.86500000000000E+03
    3.48000000000000E+02     4.14300000000000E+03
    3.49000000000000E+02     4.13700000000000E+03
    3.50000000000000E+02     4.10200000000000E+03
    3.51000000000000E+02     3.89200000000000E+03
    3.52000000000000E+02     3.93900000000000E+03
    3.53000000000000E+02     3.57700000000000E+03
    3.54000000000000E+02     3.85800000000000E+03
    3.55000000000000E+02     3.72200000000000E+03
    3.56000000000000E+02     3.94100000000000E+03
    3.57000000000000E+02     3.62900000000000E+03
    3.58000000000000E+02     3.66200000000000E+03
    3.59000000000000E+02     3.93500000000000E+03
    3.60000000000000E+02     3.69500000000000E+03
    3.61000000000000E+02     3.71500000000000E+03
    3.62000000000000E+02     3.68000000000000E+03
    3.63000000000000E+02     3.96700000000000E+03
    3.64000000000000E+02     3.59700000000000E+03
    3.65000000000000E+02     3.79300000000000E+03
    3.66000000000000E+02     3.91400000000000E+03
    3.67000000000000E+02     3.68600000000000E+03
    3.68000000000000E+02     3.87900000000000E+03
    3.69000000000000E+02     3.91800000000000E+03
    3.70000000000000E+02     3.71500000000000E+03
    3.71000000000000E+02     3.67300000000000E+03
    3.72000000000000E+02     3.73000000000000E+03
    3.73000000000000E+02     3.84100000000000E+03
    3.74000000000000E+02     4.11800000000000E+03
    3.75000000000000E+02     4.19300000000000E+03
    3.76000000000000E+02     4.14800000000000E+03
    3.77000000000000E+02     3.94200000000000E+03
    3.78000000000000E+02     4.01500000000000E+03
    3.79000000000000E+02     3.83400000000000E+03
    3.80000000000000E+02     3.86700000000000E+03
    3.81000000000000E+02     3.87100000000000E+03
    3.82000000000000E+02     4.01400000000000E+03
    3.83000000000000E+02     4.20400000000000E+03
    3.84000000000000E+02     4.48300000000000E+03
    3.85000000000000E+02     4.12900000000000E+03
    3.86000000000000E+02     4.22800000000000E+03
    3.87000000000000E+02     4.31100000000000E+03
    3.88000000000000E+02     4.28200000000000E+03
    3.89000000000000E+02     4.15800000000000E+03
    3.90000000000000E+02     4.24200000000000E+03
    3.91000000000000E+02     4.05200000000000E+03
    3.92000000000000E+02     3.85500000000000E+03
    3.93000000000000E+02     3.99400000000000E+03
    3.94000000000000E+02     3.99200000000000E+03
    3.95000000000000E+02     3.99700000000000E+03
    3.96000000000000E+02     3.97500000000000E+03
