    1.00000000000000E+00     3.32900000000000E+03
    2.00000000000000E+00     3.62400000000000E+03
    3.00000000000000E+00     3.83100000000000E+03
    4.00000000000000E+00     3.56500000000000E+03
    5.00000000000000E+00     3.58600000000000E+03
    6.00000000000000E+00     3.78500000000000E+03
    7.00000000000000E+00     3.99300000000000E+03
    8.00000000000000E+00     4.23800000000000E+03
    9.00000000000000E+00     4.20600000000000E+03
    1.00000000000000E+01     4.11700000000000E+03
    1.10000000000000E+01     4.10800000000000E+03
    1.20000000000000E+01     4.03900000000000E+03
    1.30000000000000E+01     3.84200000000000E+03
    1.40000000000000E+01     3.81500000000000E+03
    1.50000000000000E+01     4.03000000000000E+03
    1.60000000000000E+01     3.85900000000000E+03
    1.70000000000000E+01     4.03700000000000E+03
    1.80000000000000E+01     3.99100000000000E+03
    1.90000000000000E+01     4.09300000000000E+03
    2.00000000000000E+01     4.28600000000000E+03
    2.10000000000000E+01     4.19200000000000E+03
    2.20000000000000E+01     4.32900000000000E+03
    2.30000000000000E+01     4.25500000000000E+03
    2.40000000000000E+01     4.35300000000000E+03
    2.50000000000000E+01     4.26400000000000E+03
    2.60000000000000E+01     4.58700000000000E+03
    2.70000000000000E+01     4.48900000000000E+03
    2.80000000000000E+01     4.46700000000000E+03
    2.90000000000000E+01     4.39000000000000E+03
    3.00000000000000E+01     4.35000000000000E+03
    3.10000000000000E+01     4.15400000000000E+03
    3.20000000000000E+01     4.20900000000000E+03
    3.30000000000000E+01     4.13500000000000E+03
    3.40000000000000E+01     4.18400000000000E+03
    3.50000000000000E+01     3.92400000000000E+03
    3.60000000000000E+01     3.93700000000000E+03
    3.70000000000000E+01     3.99200000000000E+03
    3.80000000000000E+01     3.82700000000000E+03
    3.90000000000000E+01     3.42700000000000E+03
    4.00000000000000E+01     3.86700000000000E+03
    4.10000000000000E+01     3.74200000000000E+03
    4.20000000000000E+01     4.01500000000000E+03
    4.30000000000000E+01     3.84600000000000E+03
    4.40000000000000E+01     3.99400000000000E+03
    4.50000000000000E+01     3.77900000000000E+03
    4.60000000000000E+01     3.98600000000000E+03
    4.70000000000000E+01     3.63700000000000E+03
    4.80000000000000E+01     3.48700000000000E+03
    4.90000000000000E+01     3.68000000000000E+03
    5.00000000000000E+01     3.79900000000000E+03
    5.10000000000000E+01     3.86900000000000E+03
    5.20000000000000E+01     3.77200000000000E+03
    5.30000000000000E+01     4.17600000000000E+03
    5.40000000000000E+01     3.92200000000000E+03
    5.50000000000000E+01     3.77600000000000E+03
    5.60000000000000E+01     3.89500000000000E+03
    5.70000000000000E+01     3.91800000000000E+03
    5.80000000000000E+01     3.95900000000000E+03
    5.90000000000000E+01     4.02700000000000E+03
    6.00000000000000E+01     3.80600000000000E+03
    6.10000000000000E+01     3.80500000000000E+03
    6.20000000000000E+01     3.86700000000000E+03
    6.30000000000000E+01     4.23400000000000E+03
    6.40000000000000E+01     4.08700000000000E+03
    6.50000000000000E+01     4.16000000000000E+03
    6.60000000000000E+01     4.30500000000000E+03
    6.70000000000000E+01     4.65700000000000E+03
    6.80000000000000E+01     4.44400000000000E+03
    6.90000000000000E+01     4.61900000000000E+03
    7.00000000000000E+01     4.75300000000000E+03
    7.10000000000000E+01     4.35000000000000E+03
    7.20000000000000E+01     4.17500000000000E+03
    7.30000000000000E+01     3.95200000000000E+03
    7.40000000000000E+01     4.03500000000000E+03
    7.50000000000000E+01     3.90200000000000E+03
    7.60000000000000E+01     3.73100000000000E+03
    7.70000000000000E+01     3.50300000000000E+03
    7.80000000000000E+01     3.66100000000000E+03
    7.90000000000000E+01     3.72500000000000E+03
    8.00000000000000E+01     4.01300000000000E+03
    8.10000000000000E+01     4.03700000000000E+03
    8.20000000000000E+01     3.62700000000000E+03
    8.30000000000000E+01     3.85900000000000E+03
    8.40000000000000E+01     3.78700000000000E+03
    8.50000000000000E+01     3.95800000000000E+03
    8.60000000000000E+01     4.20900000000000E+03
    8.70000000000000E+01     4.07100000000000E+03
    8.80000000000000E+01     4.12500000000000E+03
    8.90000000000000E+01     3.89700000000000E+03
    9.00000000000000E+01     4.04300000000000E+03
    9.10000000000000E+01     4.10600000000000E+03
    9.20000000000000E+01     4.14000000000000E+03
    9.30000000000000E+01     3.83200000000000E+03
    9.40000000000000E+01     3.89100000000000E+03
    9.50000000000000E+01     3.96200000000000E+03
    9.60000000000000E+01     3.61600000000000E+03
    9.70000000000000E+01     3.73000000000000E+03
    9.80000000000000E+01     3.86700000000000E+03
    9.90000000000000E+01     3.76900000000000E+03
    1.00000000000000E+02     3.98000000000000E+03
    1.01000000000000E+02     3.78000000000000E+03
    1.02000000000000E+02     4.03800000000000E+03
    1.03000000000000E+02     3.92300000000000E+03
    1.04000000000000E+02     3.84000000000000E+03
    1.05000000000000E+02     3.99000000000000E+03
    1.06000000000000E+02     4.01800000000000E+03
    1.07000000000000E+02     3.97000000000000E+03
    1.08000000000000E+02     4.02500000000000E+03
    1.09000000000000E+02     4.11600000000000E+03
    1.10000000000000E+02     3.88700000000000E+03
    1.11000000000000E+02     4.09800000000000E+03
    1.12000000000000E+02     4.04400000000000E+03
    1.13000000000000E+02     3.86700000000000E+03
    1.14000000000000E+02     3.85200000000000E+03
    1.15000000000000E+02     3.92700000000000E+03
    1.16000000000000E+02     3.61500000000000E+03
    1.17000000000000E+02     3.70400000000000E+03
    1.18000000000000E+02     3.84900000000000E+03
    1.19000000000000E+02     3.97100000000000E+03
    1.20000000000000E+02     3.70200000000000E+03
    1.21000000000000E+02     3.75600000000000E+03
    1.22000000000000E+02     4.15300000000000E+03
    1.23000000000000E+02     3.89800000000000E+03
    1.24000000000000E+02     3.83900000000000E+03
    1.25000000000000E+02     4.00300000000000E+03
    1.26000000000000E+02     4.09600000000000E+03
    1.27000000000000E+02     4.07200000000000E+03
    1.28000000000000E+02     4.10000000000000E+03
    1.29000000000000E+02     4.05000000000000E+03
    1.30000000000000E+02     3.93400000000000E+03
    1.31000000000000E+02     3.83100000000000E+03
    1.32000000000000E+02     3.63200000000000E+03
    1.33000000000000E+02     3.46400000000000E+03
    1.34000000000000E+02     3.75600000000000E+03
    1.35000000000000E+02     4.04700000000000E+03
    1.36000000000000E+02     3.71900000000000E+03
    1.37000000000000E+02     3.89000000000000E+03
    1.38000000000000E+02     3.81800000000000E+03
    1.39000000000000E+02     3.81500000000000E+03
    1.40000000000000E+02     3.98500000000000E+03
    1.41000000000000E+02     3.91500000000000E+03
    1.42000000000000E+02     3.62200000000000E+03
    1.43000000000000E+02     3.61300000000000E+03
    1.44000000000000E+02     3.92300000000000E+03
    1.45000000000000E+02     3.76000000000000E+03
    1.46000000000000E+02     3.93600000000000E+03
    1.47000000000000E+02     3.84800000000000E+03
    1.48000000000000E+02     4.19400000000000E+03
    1.49000000000000E+02     4.04700000000000E+03
    1.50000000000000E+02     4.06100000000000E+03
    1.51000000000000E+02     4.04200000000000E+03
    1.52000000000000E+02     3.96000000000000E+03
    1.53000000000000E+02     3.88800000000000E+03
    1.54000000000000E+02     3.84400000000000E+03
    1.55000000000000E+02     4.08100000000000E+03
    1.56000000000000E+02     3.97300000000000E+03
    1.57000000000000E+02     4.06500000000000E+03
    1.58000000000000E+02     3.85800000000000E+03
    1.59000000000000E+02     3.98600000000000E+03
    1.60000000000000E+02     3.99400000000000E+03
    1.61000000000000E+02     3.93700000000000E+03
    1.62000000000000E+02     3.94800000000000E+03
    1.63000000000000E+02     3.90900000000000E+03
    1.64000000000000E+02     3.92700000000000E+03
    1.65000000000000E+02     3.71500000000000E+03
    1.66000000000000E+02     3.47100000000000E+03
    1.67000000000000E+02     3.63400000000000E+03
    1.68000000000000E+02     3.83300000000000E+03
    1.69000000000000E+02     4.09200000000000E+03
    1.70000000000000E+02     3.88700000000000E+03
    1.71000000000000E+02     4.07200000000000E+03
    1.72000000000000E+02     3.97500000000000E+03
    1.73000000000000E+02     3.97300000000000E+03
    1.74000000000000E+02     4.11100000000000E+03
    1.75000000000000E+02     3.88700000000000E+03
    1.76000000000000E+02     3.66100000000000E+03
    1.77000000000000E+02     3.64200000000000E+03
    1.78000000000000E+02     3.78600000000000E+03
    1.79000000000000E+02     3.88700000000000E+03
    1.80000000000000E+02     3.83800000000000E+03
    1.81000000000000E+02     3.85100000000000E+03
    1.82000000000000E+02     3.91000000000000E+03
    1.83000000000000E+02     3.65100000000000E+03
    1.84000000000000E+02     3.80500000000000E+03
    1.85000000000000E+02     3.65000000000000E+03
    1.86000000000000E+02     3.62400000000000E+03
    1.87000000000000E+02     3.69600000000000E+03
    1.88000000000000E+02     3.90800000000000E+03
    1.89000000000000E+02     3.62000000000000E+03
    1.90000000000000E+02     3.65900000000000E+03
    1.91000000000000E+02     3.83200000000000E+03
    1.92000000000000E+02     3.93700000000000E+03
    1.93000000000000E+02     3.75300000000000E+03
    1.94000000000000E+02     3.88200000000000E+03
    1.95000000000000E+02     3.79700000000000E+03
    1.96000000000000E+02     3.89700000000000E+03
    1.97000000000000E+02     3.96000000000000E+03
    1.98000000000000E+02     3.82400000000000E+03
    1.99000000000000E+02     3.93700000000000E+03
    2.00000000000000E+02     3.87500000000000E+03
    2.01000000000000E+02     4.10000000000000E+03
    2.02000000000000E+02     3.84400000000000E+03
    2.03000000000000E+02     3.96800000000000E+03
    2.04000000000000E+02     3.66800000000000E+03
    2.05000000000000E+02     3.85600000000000E+03
    2.06000000000000E+02     3.94800000000000E+03
    2.07000000000000E+02     3.73000000000000E+03
    2.08000000000000E+02     3.76300000000000E+03
    2.09000000000000E+02     4.02200000000000E+03
    2.10000000000000E+02     3.94700000000000E+03
    2.11000000000000E+02     3.67300000000000E+03
    2.12000000000000E+02     3.58200000000000E+03
    2.13000000000000E+02     3.63500000000000E+03
    2.14000000000000E+02     3.86300000000000E+03
    2.15000000000000E+02     3.93500000000000E+03
    2.16000000000000E+02     4.05400000000000E+03
    2.17000000000000E+02     4.09800000000000E+03
    2.18000000000000E+02     4.10700000000000E+03
    2.19000000000000E+02     4.03000000000000E+03
    2.20000000000000E+02     4.09800000000000E+03
    2.21000000000000E+02     3.80400000000000E+03
    2.22000000000000E+02     3.88000000000000E+03
    2.23000000000000E+02     4.01000000000000E+03
    2.24000000000000E+02     3.68600000000000E+03
    2.25000000000000E+02     3.89100000000000E+03
    2.26000000000000E+02     3.76400000000000E+03
    2.27000000000000E+02     4.21700000000000E+03
    2.28000000000000E+02     3.99500000000000E+03
    2.29000000000000E+02     4.03600000000000E+03
    2.30000000000000E+02     3.78900000000000E+03
    2.31000000000000E+02     3.75900000000000E+03
    2.32000000000000E+02     4.02700000000000E+03
    2.33000000000000E+02     4.07900000000000E+03
    2.34000000000000E+02     4.25600000000000E+03
    2.35000000000000E+02     4.07700000000000E+03
    2.36000000000000E+02     4.23600000000000E+03
    2.37000000000000E+02     4.46500000000000E+03
    2.38000000000000E+02     4.47400000000000E+03
    2.39000000000000E+02     4.37400000000000E+03
    2.40000000000000E+02     4.32400000000000E+03
    2.41000000000000E+02     4.21900000000000E+03
    2.42000000000000E+02     3.94500000000000E+03
    2.43000000000000E+02     3.81700000000000E+03
    2.44000000000000E+02     3.71400000000000E+03
    2.45000000000000E+02     3.83200000000000E+03
    2.46000000000000E+02     3.68700000000000E+03
    2.47000000000000E+02     3.74700000000000E+03
    2.48000000000000E+02     3.87600000000000E+03
    2.49000000000000E+02     4.23500000000000E+03
    2.50000000000000E+02     4.15400000000000E+03
    2.51000000000000E+02     4.00200000000000E+03
    2.52000000000000E+02     3.75700000000000E+03
    2.53000000000000E+02     3.93000000000000E+03
    2.54000000000000E+02     3.97400000000000E+03
    2.55000000000000E+02     3.82900000000000E+03
    2.56000000000000E+02     3.99600000000000E+03
    2.57000000000000E+02     4.11200000000000E+03
    2.58000000000000E+02     3.92100000000000E+03
    2.59000000000000E+02     3.81400000000000E+03
    2.60000000000000E+02     3.95500000000000E+03
    2.61000000000000E+02     3.80300000000000E+03
    2.62000000000000E+02     3.66900000000000E+03
    2.63000000000000E+02     3.77200000000000E+03
    2.64000000000000E+02     4.23600000000000E+03
    2.65000000000000E+02     4.21100000000000E+03
    2.66000000000000E+02     4.16500000000000E+03
    2.67000000000000E+02     4.02300000000000E+03
    2.68000000000000E+02     3.94400000000000E+03
    2.69000000000000E+02     4.07900000000000E+03
    2.70000000000000E+02     4.00800000000000E+03
    2.71000000000000E+02     4.33100000000000E+03
    2.72000000000000E+02     4.26800000000000E+03
    2.73000000000000E+02     4.10100000000000E+03
    2.74000000000000E+02     4.29700000000000E+03
    2.75000000000000E+02     4.40500000000000E+03
    2.76000000000000E+02     4.13800000000000E+03
    2.77000000000000E+02     3.91100000000000E+03
    2.78000000000000E+02     4.17900000000000E+03
    2.79000000000000E+02     4.27000000000000E+03
    2.80000000000000E+02     4.04500000000000E+03
    2.81000000000000E+02     4.37700000000000E+03
    2.82000000000000E+02     4.33600000000000E+03
    2.83000000000000E+02     4.55200000000000E+03
    2.84000000000000E+02     4.57300000000000E+03
    2.85000000000000E+02     4.70800000000000E+03
    2.86000000000000E+02     4.84400000000000E+03
    2.87000000000000E+02     4.61000000000000E+03
    2.88000000000000E+02     4.36400000000000E+03
    2.89000000000000E+02     4.39100000000000E+03
    2.90000000000000E+02     4.56000000000000E+03
    2.91000000000000E+02     4.84000000000000E+03
    2.92000000000000E+02     4.72200000000000E+03
    2.93000000000000E+02     4.64100000000000E+03
    2.94000000000000E+02     4.76000000000000E+03
    2.95000000000000E+02     4.73300000000000E+03
    2.96000000000000E+02     4.73900000000000E+03
    2.97000000000000E+02     4.82000000000000E+03
    2.98000000000000E+02     4.96500000000000E+03
    2.99000000000000E+02     4.76300000000000E+03
    3.00000000000000E+02     4.68300000000000E+03
    3.01000000000000E+02     4.79400000000000E+03
    3.02000000000000E+02     5.17500000000000E+03
    3.03000000000000E+02     5.14300000000000E+03
    3.04000000000000E+02     5.22800000000000E+03
    3.05000000000000E+02     5.37400000000000E+03
    3.06000000000000E+02     5.09300000000000E+03
    3.07000000000000E+02     5.22800000000000E+03
    3.08000000000000E+02     5.30500000000000E+03
    3.09000000000000E+02     5.19500000000000E+03
    3.10000000000000E+02     5.35800000000000E+03
    3.11000000000000E+02     5.35100000000000E+03
    3.12000000000000E+02     5.14700000000000E+03
    3.13000000000000E+02     5.06600000000000E+03
    3.14000000000000E+02     5.00900000000000E+03
    3.15000000000000E+02     5.13300000000000E+03
    3.16000000000000E+02     5.04100000000000E+03
    3.17000000000000E+02     5.03600000000000E+03
    3.18000000000000E+02     4.97400000000000E+03
    3.19000000000000E+02     5.06200000000000E+03
    3.20000000000000E+02     4.82300000000000E+03
    3.21000000000000E+02     4.87500000000000E+03
    3.22000000000000E+02     4.86600000000000E+03
    3.23000000000000E+02     4.89300000000000E+03
    3.24000000000000E+02     4.50800000000000E+03
    3.25000000000000E+02     4.62900000000000E+03
    3.26000000000000E+02     4.61900000000000E+03
    3.27000000000000E+02     4.52000000000000E+03
    3.28000000000000E+02     4.55800000000000E+03
    3.29000000000000E+02     4.36600000000000E+03
    3.30000000000000E+02     4.51700000000000E+03
    3.31000000000000E+02     4.49000000000000E+03
    3.32000000000000E+02     4.33100000000000E+03
    3.33000000000000E+02     4.41500000000000E+03
    3.34000000000000E+02     4.39500000000000E+03
    3.35000000000000E+02     4.10500000000000E+03
    3.36000000000000E+02     4.05000000000000E+03
    3.37000000000000E+02     4.17300000000000E+03
    3.38000000000000E+02     4.21600000000000E+03
    3.39000000000000E+02     4.23700000000000E+03
    3.40000000000000E+02     4.36300000000000E+03
    3.41000000000000E+02     4.42300000000000E+03
    3.42000000000000E+02     4.46600000000000E+03
    3.43000000000000E+02     4.74600000000000E+03
    3.44000000000000E+02     4.33900000000000E+03
    3.45000000000000E+02     4.46800000000000E+03
    3.46000000000000E+02     4.21100000000000E+03
    3.47000000000000E+02     4.29300000000000E+03
    3.48000000000000E+02     4.42800000000000E+03
    3.49000000000000E+02     4.17800000000000E+03
    3.50000000000000E+02     4.36300000000000E+03
    3.51000000000000E+02     4.38500000000000E+03
    3.52000000000000E+02     4.32800000000000E+03
    3.53000000000000E+02     4.28200000000000E+03
    3.54000000000000E+02     4.34600000000000E+03
    3.55000000000000E+02     4.42100000000000E+03
    3.56000000000000E+02     4.27600000000000E+03
    3.57000000000000E+02     3.84800000000000E+03
    3.58000000000000E+02     2.44400000000000E+03
    3.59000000000000E+02     2.98400000000000E+03
    3.60000000000000E+02     3.27500000000000E+03
    3.61000000000000E+02     3.29700000000000E+03
    3.62000000000000E+02     3.33900000000000E+03
    3.63000000000000E+02     3.50500000000000E+03
    3.64000000000000E+02     3.88600000000000E+03
    3.65000000000000E+02     3.74300000000000E+03
    3.66000000000000E+02     4.09700000000000E+03
    3.67000000000000E+02     3.94200000000000E+03
    3.68000000000000E+02     4.13300000000000E+03
    3.69000000000000E+02     3.85600000000000E+03
    3.70000000000000E+02     4.01800000000000E+03
    3.71000000000000E+02     3.84100000000000E+03
    3.72000000000000E+02     3.95500000000000E+03
    3.73000000000000E+02     3.83300000000000E+03
    3.74000000000000E+02     3.76700000000000E+03
    3.75000000000000E+02     3.72500000000000E+03
    3.76000000000000E+02     3.94900000000000E+03
    3.77000000000000E+02     3.85900000000000E+03
    3.78000000000000E+02     3.84700000000000E+03
    3.79000000000000E+02     4.11500000000000E+03
    3.80000000000000E+02     3.87300000000000E+03
    3.81000000000000E+02     3.96600000000000E+03
    3.82000000000000E+02     3.96200000000000E+03
    3.83000000000000E+02     3.84800000000000E+03
    3.84000000000000E+02     3.88100000000000E+03
    3.85000000000000E+02     3.95700000000000E+03
    3.86000000000000E+02     3.97300000000000E+03
    3.87000000000000E+02     3.97800000000000E+03
    3.88000000000000E+02     4.10700000000000E+03
    3.89000000000000E+02     3.72800000000000E+03
    3.90000000000000E+02     3.71400000000000E+03
    3.91000000000000E+02     3.59800000000000E+03
    3.92000000000000E+02     3.75800000000000E+03
    3.93000000000000E+02     3.84700000000000E+03
    3.94000000000000E+02     4.08400000000000E+03
    3.95000000000000E+02     3.79900000000000E+03
    3.96000000000000E+02     3.82000000000000E+03
    3.97000000000000E+02     4.00700000000000E+03
    3.98000000000000E+02     4.03400000000000E+03
    3.99000000000000E+02     4.25200000000000E+03
    4.00000000000000E+02     4.29800000000000E+03
    4.01000000000000E+02     4.09400000000000E+03
    4.02000000000000E+02     4.17200000000000E+03
    4.03000000000000E+02     4.51200000000000E+03
    4.04000000000000E+02     4.26600000000000E+03
    4.05000000000000E+02     4.02700000000000E+03
    4.06000000000000E+02     3.70200000000000E+03
    4.07000000000000E+02     3.39200000000000E+03
    4.08000000000000E+02     3.49600000000000E+03
    4.09000000000000E+02     3.51200000000000E+03
    4.10000000000000E+02     3.61400000000000E+03
    4.11000000000000E+02     3.96100000000000E+03
    4.12000000000000E+02     3.91000000000000E+03
    4.13000000000000E+02     3.88300000000000E+03
    4.14000000000000E+02     4.11800000000000E+03
    4.15000000000000E+02     3.93800000000000E+03
    4.16000000000000E+02     3.73100000000000E+03
    4.17000000000000E+02     3.68800000000000E+03
    4.18000000000000E+02     3.91300000000000E+03
    4.19000000000000E+02     3.60800000000000E+03
    4.20000000000000E+02     3.51900000000000E+03
    4.21000000000000E+02     3.67900000000000E+03
    4.22000000000000E+02     3.82200000000000E+03
    4.23000000000000E+02     3.93800000000000E+03
    4.24000000000000E+02     3.84000000000000E+03
    4.25000000000000E+02     3.77600000000000E+03
    4.26000000000000E+02     4.06100000000000E+03
    4.27000000000000E+02     3.83900000000000E+03
    4.28000000000000E+02     4.10200000000000E+03
    4.29000000000000E+02     3.80600000000000E+03
    4.30000000000000E+02     4.02300000000000E+03
    4.31000000000000E+02     3.91700000000000E+03
    4.32000000000000E+02     3.66100000000000E+03
    4.33000000000000E+02     3.59300000000000E+03
    4.34000000000000E+02     3.80100000000000E+03
    4.35000000000000E+02     3.89000000000000E+03
    4.36000000000000E+02     3.89700000000000E+03
    4.37000000000000E+02     3.75900000000000E+03
    4.38000000000000E+02     3.86300000000000E+03
    4.39000000000000E+02     3.91400000000000E+03
    4.40000000000000E+02     3.78500000000000E+03
    4.41000000000000E+02     4.00300000000000E+03
    4.42000000000000E+02     4.08500000000000E+03
    4.43000000000000E+02     3.94400000000000E+03
    4.44000000000000E+02     3.87100000000000E+03
    4.45000000000000E+02     4.02000000000000E+03
    4.46000000000000E+02     4.27600000000000E+03
    4.47000000000000E+02     4.24900000000000E+03
    4.48000000000000E+02     4.11000000000000E+03
    4.49000000000000E+02     3.80000000000000E+03
    4.50000000000000E+02     3.88200000000000E+03
    4.51000000000000E+02     4.04000000000000E+03
    4.52000000000000E+02     4.09900000000000E+03
    4.53000000000000E+02     3.97400000000000E+03
    4.54000000000000E+02     3.81500000000000E+03
    4.55000000000000E+02     3.67300000000000E+03
    4.56000000000000E+02     3.67000000000000E+03
    4.57000000000000E+02     3.91900000000000E+03
    4.58000000000000E+02     3.89000000000000E+03
    4.59000000000000E+02     3.87900000000000E+03
    4.60000000000000E+02     3.92200000000000E+03
    4.61000000000000E+02     3.78900000000000E+03
    4.62000000000000E+02     3.72800000000000E+03
    4.63000000000000E+02     3.72500000000000E+03
    4.64000000000000E+02     4.06200000000000E+03
    4.65000000000000E+02     4.08000000000000E+03
    4.66000000000000E+02     4.13400000000000E+03
    4.67000000000000E+02     4.45200000000000E+03
    4.68000000000000E+02     4.16700000000000E+03
    4.69000000000000E+02     4.17700000000000E+03
    4.70000000000000E+02     4.40600000000000E+03
    4.71000000000000E+02     4.50200000000000E+03
    4.72000000000000E+02     4.39200000000000E+03
    4.73000000000000E+02     4.57100000000000E+03
    4.74000000000000E+02     4.44700000000000E+03
    4.75000000000000E+02     4.33000000000000E+03
    4.76000000000000E+02     4.31400000000000E+03
    4.77000000000000E+02     4.11100000000000E+03
    4.78000000000000E+02     3.90300000000000E+03
    4.79000000000000E+02     3.86000000000000E+03
    4.80000000000000E+02     3.58700000000000E+03
    4.81000000000000E+02     3.50800000000000E+03
    4.82000000000000E+02     3.61300000000000E+03
    4.83000000000000E+02     3.79600000000000E+03
    4.84000000000000E+02     3.91300000000000E+03
    4.85000000000000E+02     4.01300000000000E+03
    4.86000000000000E+02     3.80100000000000E+03
    4.87000000000000E+02     3.97200000000000E+03
    4.88000000000000E+02     3.81700000000000E+03
    4.89000000000000E+02     4.08100000000000E+03
    4.90000000000000E+02     3.61500000000000E+03
    4.91000000000000E+02     3.85600000000000E+03
    4.92000000000000E+02     3.81300000000000E+03
    4.93000000000000E+02     3.83300000000000E+03
    4.94000000000000E+02     3.92900000000000E+03
    4.95000000000000E+02     3.76800000000000E+03
    4.96000000000000E+02     3.69500000000000E+03
    4.97000000000000E+02     3.95100000000000E+03
    4.98000000000000E+02     3.52300000000000E+03
    4.99000000000000E+02     3.47400000000000E+03
    5.00000000000000E+02     3.48800000000000E+03
    5.01000000000000E+02     3.62400000000000E+03
    5.02000000000000E+02     3.64600000000000E+03
    5.03000000000000E+02     3.72700000000000E+03
    5.04000000000000E+02     4.22800000000000E+03
    5.05000000000000E+02     4.29700000000000E+03
    5.06000000000000E+02     4.40800000000000E+03
    5.07000000000000E+02     4.44300000000000E+03
    5.08000000000000E+02     4.52300000000000E+03
    5.09000000000000E+02     4.20300000000000E+03
    5.10000000000000E+02     4.02300000000000E+03
    5.11000000000000E+02     4.02900000000000E+03
    5.12000000000000E+02     3.98300000000000E+03
    5.13000000000000E+02     3.82800000000000E+03
    5.14000000000000E+02     3.49400000000000E+03
    5.15000000000000E+02     3.46100000000000E+03
    5.16000000000000E+02     3.47900000000000E+03
    5.17000000000000E+02     3.72300000000000E+03
    5.18000000000000E+02     3.89700000000000E+03
    5.19000000000000E+02     3.87700000000000E+03
    5.20000000000000E+02     4.03300000000000E+03
    5.21000000000000E+02     3.85100000000000E+03
    5.22000000000000E+02     4.07700000000000E+03
    5.23000000000000E+02     3.85300000000000E+03
    5.24000000000000E+02     3.91200000000000E+03
    5.25000000000000E+02     3.87600000000000E+03
    5.26000000000000E+02     4.10700000000000E+03
    5.27000000000000E+02     3.98700000000000E+03
    5.28000000000000E+02     4.22200000000000E+03
    5.29000000000000E+02     4.18800000000000E+03
    5.30000000000000E+02     4.21500000000000E+03
    5.31000000000000E+02     4.31600000000000E+03
    5.32000000000000E+02     4.20800000000000E+03
    5.33000000000000E+02     4.12600000000000E+03
    5.34000000000000E+02     4.12700000000000E+03
    5.35000000000000E+02     3.91200000000000E+03
    5.36000000000000E+02     3.71800000000000E+03
    5.37000000000000E+02     3.30000000000000E+03
    5.38000000000000E+02     3.43500000000000E+03
    5.39000000000000E+02     3.67600000000000E+03
    5.40000000000000E+02     3.77400000000000E+03
    5.41000000000000E+02     3.93400000000000E+03
    5.42000000000000E+02     3.70300000000000E+03
    5.43000000000000E+02     3.71500000000000E+03
    5.44000000000000E+02     3.94900000000000E+03
    5.45000000000000E+02     3.60900000000000E+03
    5.46000000000000E+02     3.83200000000000E+03
    5.47000000000000E+02     3.77900000000000E+03
    5.48000000000000E+02     3.67600000000000E+03
    5.49000000000000E+02     3.80300000000000E+03
    5.50000000000000E+02     4.25700000000000E+03
    5.51000000000000E+02     4.30300000000000E+03
    5.52000000000000E+02     3.99700000000000E+03
    5.53000000000000E+02     3.78800000000000E+03
    5.54000000000000E+02     3.89700000000000E+03
    5.55000000000000E+02     3.78600000000000E+03
    5.56000000000000E+02     4.08000000000000E+03
    5.57000000000000E+02     3.99400000000000E+03
    5.58000000000000E+02     3.95300000000000E+03
    5.59000000000000E+02     3.90100000000000E+03
    5.60000000000000E+02     4.01100000000000E+03
    5.61000000000000E+02     4.00500000000000E+03
    5.62000000000000E+02     4.27900000000000E+03
    5.63000000000000E+02     4.26700000000000E+03
    5.64000000000000E+02     4.34000000000000E+03
    5.65000000000000E+02     4.24900000000000E+03
    5.66000000000000E+02     4.37700000000000E+03
    5.67000000000000E+02     4.30700000000000E+03
    5.68000000000000E+02     4.57200000000000E+03
    5.69000000000000E+02     4.49300000000000E+03
    5.70000000000000E+02     4.31100000000000E+03
    5.71000000000000E+02     4.36600000000000E+03
    5.72000000000000E+02     4.37200000000000E+03
    5.73000000000000E+02     4.13600000000000E+03
    5.74000000000000E+02     3.92700000000000E+03
    5.75000000000000E+02     4.09000000000000E+03
    5.76000000000000E+02     4.02700000000000E+03
    5.77000000000000E+02     4.10000000000000E+03
    5.78000000000000E+02     4.15300000000000E+03
    5.79000000000000E+02     4.28600000000000E+03
    5.80000000000000E+02     4.16800000000000E+03
    5.81000000000000E+02     4.13600000000000E+03
    5.82000000000000E+02     3.94600000000000E+03
    5.83000000000000E+02     3.87700000000000E+03
    5.84000000000000E+02     3.45800000000000E+03
    5.85000000000000E+02     3.77400000000000E+03
    5.86000000000000E+02     3.82900000000000E+03
    5.87000000000000E+02     3.92500000000000E+03
    5.88000000000000E+02     3.69200000000000E+03
    5.89000000000000E+02     3.83600000000000E+03
    5.90000000000000E+02     4.13400000000000E+03
    5.91000000000000E+02     3.92500000000000E+03
    5.92000000000000E+02     3.88000000000000E+03
    5.93000000000000E+02     3.93800000000000E+03
    5.94000000000000E+02     3.85100000000000E+03
    5.95000000000000E+02     4.03300000000000E+03
    5.96000000000000E+02     4.06100000000000E+03
    5.97000000000000E+02     3.87600000000000E+03
    5.98000000000000E+02     4.00300000000000E+03
    5.99000000000000E+02     4.16600000000000E+03
    6.00000000000000E+02     4.08300000000000E+03
    6.01000000000000E+02     3.95000000000000E+03
    6.02000000000000E+02     4.02500000000000E+03
    6.03000000000000E+02     4.01800000000000E+03
    6.04000000000000E+02     4.13700000000000E+03
    6.05000000000000E+02     3.96200000000000E+03
    6.06000000000000E+02     3.94100000000000E+03
    6.07000000000000E+02     3.80100000000000E+03
    6.08000000000000E+02     3.50700000000000E+03
    6.09000000000000E+02     3.78700000000000E+03
    6.10000000000000E+02     4.14300000000000E+03
    6.11000000000000E+02     3.79100000000000E+03
    6.12000000000000E+02     3.86700000000000E+03
    6.13000000000000E+02     3.69800000000000E+03
    6.14000000000000E+02     3.85400000000000E+03
    6.15000000000000E+02     4.10200000000000E+03
    6.16000000000000E+02     3.87000000000000E+03
    6.17000000000000E+02     4.08400000000000E+03
    6.18000000000000E+02     3.75200000000000E+03
    6.19000000000000E+02     3.87700000000000E+03
    6.20000000000000E+02     3.92600000000000E+03
    6.21000000000000E+02     3.87300000000000E+03
    6.22000000000000E+02     3.86700000000000E+03
    6.23000000000000E+02     4.17200000000000E+03
    6.24000000000000E+02     4.14500000000000E+03
    6.25000000000000E+02     3.94500000000000E+03
    6.26000000000000E+02     4.14300000000000E+03
    6.27000000000000E+02     4.01000000000000E+03
    6.28000000000000E+02     3.67700000000000E+03
    6.29000000000000E+02     3.69000000000000E+03
    6.30000000000000E+02     3.65300000000000E+03
    6.31000000000000E+02     3.87300000000000E+03
    6.32000000000000E+02     3.87200000000000E+03
    6.33000000000000E+02     4.22200000000000E+03
    6.34000000000000E+02     4.13300000000000E+03
    6.35000000000000E+02     4.10800000000000E+03
    6.36000000000000E+02     3.71000000000000E+03
    6.37000000000000E+02     3.81500000000000E+03
    6.38000000000000E+02     3.80000000000000E+03
    6.39000000000000E+02     3.89500000000000E+03
    6.40000000000000E+02     3.72900000000000E+03
    6.41000000000000E+02     3.81400000000000E+03
    6.42000000000000E+02     3.92700000000000E+03
    6.43000000000000E+02     3.69000000000000E+03
    6.44000000000000E+02     3.83900000000000E+03
    6.45000000000000E+02     3.89200000000000E+03
    6.46000000000000E+02     4.01300000000000E+03
    6.47000000000000E+02     3.85100000000000E+03
    6.48000000000000E+02     3.92900000000000E+03
    6.49000000000000E+02     3.65900000000000E+03
    6.50000000000000E+02     3.55300000000000E+03
    6.51000000000000E+02     3.72000000000000E+03
    6.52000000000000E+02     3.80600000000000E+03
    6.53000000000000E+02     4.24800000000000E+03
    6.54000000000000E+02     4.22200000000000E+03
    6.55000000000000E+02     4.11300000000000E+03
    6.56000000000000E+02     4.19900000000000E+03
    6.57000000000000E+02     4.36500000000000E+03
    6.58000000000000E+02     4.30400000000000E+03
    6.59000000000000E+02     4.22900000000000E+03
    6.60000000000000E+02     4.34000000000000E+03
    6.61000000000000E+02     4.29800000000000E+03
    6.62000000000000E+02     4.19100000000000E+03
    6.63000000000000E+02     4.12200000000000E+03
    6.64000000000000E+02     4.20500000000000E+03
    6.65000000000000E+02     4.20100000000000E+03
    6.66000000000000E+02     4.14500000000000E+03
    6.67000000000000E+02     4.10700000000000E+03
    6.68000000000000E+02     4.30900000000000E+03
    6.69000000000000E+02     4.26900000000000E+03
    6.70000000000000E+02     4.24800000000000E+03
    6.71000000000000E+02     4.14100000000000E+03
    6.72000000000000E+02     4.44900000000000E+03
    6.73000000000000E+02     4.45000000000000E+03
    6.74000000000000E+02     4.66800000000000E+03
    6.75000000000000E+02     4.63300000000000E+03
    6.76000000000000E+02     4.63400000000000E+03
    6.77000000000000E+02     4.39000000000000E+03
    6.78000000000000E+02     4.48400000000000E+03
    6.79000000000000E+02     4.64800000000000E+03
    6.80000000000000E+02     4.51200000000000E+03
    6.81000000000000E+02     4.54000000000000E+03
    6.82000000000000E+02     4.45600000000000E+03
    6.83000000000000E+02     4.40500000000000E+03
    6.84000000000000E+02     4.37300000000000E+03
    6.85000000000000E+02     4.62700000000000E+03
    6.86000000000000E+02     4.27600000000000E+03
    6.87000000000000E+02     4.04300000000000E+03
    6.88000000000000E+02     3.97000000000000E+03
    6.89000000000000E+02     4.00200000000000E+03
    6.90000000000000E+02     4.08300000000000E+03
    6.91000000000000E+02     4.24700000000000E+03
    6.92000000000000E+02     4.27000000000000E+03
    6.93000000000000E+02     4.26400000000000E+03
    6.94000000000000E+02     3.87400000000000E+03
    6.95000000000000E+02     3.16600000000000E+03
    6.96000000000000E+02     3.34400000000000E+03
    6.97000000000000E+02     3.46200000000000E+03
    6.98000000000000E+02     3.76800000000000E+03
    6.99000000000000E+02     4.00700000000000E+03
    7.00000000000000E+02     3.91400000000000E+03
    7.01000000000000E+02     3.83100000000000E+03
    7.02000000000000E+02     3.94800000000000E+03
    7.03000000000000E+02     3.73000000000000E+03
    7.04000000000000E+02     3.92300000000000E+03
    7.05000000000000E+02     3.81000000000000E+03
    7.06000000000000E+02     3.72600000000000E+03
    7.07000000000000E+02     3.78500000000000E+03
    7.08000000000000E+02     4.07300000000000E+03
    7.09000000000000E+02     3.93500000000000E+03
    7.10000000000000E+02     4.19500000000000E+03
    7.11000000000000E+02     3.83900000000000E+03
    7.12000000000000E+02     3.74300000000000E+03
    7.13000000000000E+02     3.71400000000000E+03
    7.14000000000000E+02     3.71300000000000E+03
    7.15000000000000E+02     3.78300000000000E+03
    7.16000000000000E+02     4.00700000000000E+03
    7.17000000000000E+02     3.96600000000000E+03
    7.18000000000000E+02     3.62700000000000E+03
    7.19000000000000E+02     3.43100000000000E+03
    7.20000000000000E+02     3.48900000000000E+03
    7.21000000000000E+02     3.60100000000000E+03
    7.22000000000000E+02     3.76400000000000E+03
    7.23000000000000E+02     3.56600000000000E+03
    7.24000000000000E+02     3.77600000000000E+03
    7.25000000000000E+02     3.87200000000000E+03
    7.26000000000000E+02     3.97400000000000E+03
    7.27000000000000E+02     3.95900000000000E+03
    7.28000000000000E+02     4.21600000000000E+03
    7.29000000000000E+02     4.14300000000000E+03
    7.30000000000000E+02     4.27600000000000E+03
    7.31000000000000E+02     4.35000000000000E+03
    7.32000000000000E+02     4.42700000000000E+03
    7.33000000000000E+02     4.42300000000000E+03
    7.34000000000000E+02     3.95400000000000E+03
    7.35000000000000E+02     3.89600000000000E+03
    7.36000000000000E+02     3.87500000000000E+03
    7.37000000000000E+02     4.10600000000000E+03
    7.38000000000000E+02     4.20100000000000E+03
    7.39000000000000E+02     4.09500000000000E+03
    7.40000000000000E+02     3.94000000000000E+03
    7.41000000000000E+02     3.89500000000000E+03
    7.42000000000000E+02     3.82300000000000E+03
    7.43000000000000E+02     3.98600000000000E+03
    7.44000000000000E+02     3.92100000000000E+03
    7.45000000000000E+02     3.83900000000000E+03
    7.46000000000000E+02     3.93400000000000E+03
    7.47000000000000E+02     3.86300000000000E+03
    7.48000000000000E+02     4.03100000000000E+03
    7.49000000000000E+02     4.01700000000000E+03
    7.50000000000000E+02     3.88200000000000E+03
    7.51000000000000E+02     3.89800000000000E+03
    7.52000000000000E+02     3.83900000000000E+03
    7.53000000000000E+02     3.81200000000000E+03
    7.54000000000000E+02     4.04000000000000E+03
    7.55000000000000E+02     4.12200000000000E+03
    7.56000000000000E+02     4.43300000000000E+03
    7.57000000000000E+02     4.28300000000000E+03
    7.58000000000000E+02     4.30300000000000E+03
    7.59000000000000E+02     4.06600000000000E+03
    7.60000000000000E+02     3.98800000000000E+03
    7.61000000000000E+02     4.03100000000000E+03
    7.62000000000000E+02     3.77300000000000E+03
    7.63000000000000E+02     3.72700000000000E+03
    7.64000000000000E+02     4.13600000000000E+03
    7.65000000000000E+02     3.88800000000000E+03
    7.66000000000000E+02     3.95700000000000E+03
    7.67000000000000E+02     4.16600000000000E+03
    7.68000000000000E+02     4.17600000000000E+03
    7.69000000000000E+02     4.07900000000000E+03
    7.70000000000000E+02     4.31600000000000E+03
    7.71000000000000E+02     4.20000000000000E+03
    7.72000000000000E+02     4.24700000000000E+03
    7.73000000000000E+02     4.19500000000000E+03
    7.74000000000000E+02     4.23400000000000E+03
    7.75000000000000E+02     4.18200000000000E+03
    7.76000000000000E+02     3.88100000000000E+03
    7.77000000000000E+02     4.04200000000000E+03
    7.78000000000000E+02     3.70400000000000E+03
    7.79000000000000E+02     3.86000000000000E+03
    7.80000000000000E+02     3.91800000000000E+03
    7.81000000000000E+02     3.89200000000000E+03
    7.82000000000000E+02     3.75600000000000E+03
    7.83000000000000E+02     3.97800000000000E+03
    7.84000000000000E+02     3.78800000000000E+03
    7.85000000000000E+02     3.90500000000000E+03
    7.86000000000000E+02     4.08600000000000E+03
    7.87000000000000E+02     4.21600000000000E+03
    7.88000000000000E+02     4.15700000000000E+03
    7.89000000000000E+02     4.03300000000000E+03
    7.90000000000000E+02     3.68100000000000E+03
    7.91000000000000E+02     3.63500000000000E+03
    7.92000000000000E+02     3.79900000000000E+03
    7.93000000000000E+02     3.89300000000000E+03
    7.94000000000000E+02     4.08100000000000E+03
    7.95000000000000E+02     4.14400000000000E+03
    7.96000000000000E+02     3.97300000000000E+03
    7.97000000000000E+02     4.02300000000000E+03
    7.98000000000000E+02     4.02800000000000E+03
    7.99000000000000E+02     4.06500000000000E+03
    8.00000000000000E+02     3.85100000000000E+03
    8.01000000000000E+02     3.74600000000000E+03
    8.02000000000000E+02     3.88200000000000E+03
    8.03000000000000E+02     3.76100000000000E+03
    8.04000000000000E+02     4.05600000000000E+03
    8.05000000000000E+02     3.98300000000000E+03
    8.06000000000000E+02     3.74900000000000E+03
    8.07000000000000E+02     3.87900000000000E+03
    8.08000000000000E+02     3.83300000000000E+03
    8.09000000000000E+02     3.92500000000000E+03
    8.10000000000000E+02     3.97200000000000E+03
    8.11000000000000E+02     4.18500000000000E+03
    8.12000000000000E+02     4.40600000000000E+03
    8.13000000000000E+02     4.29700000000000E+03
    8.14000000000000E+02     4.31300000000000E+03
    8.15000000000000E+02     3.97700000000000E+03
    8.16000000000000E+02     3.95200000000000E+03
    8.17000000000000E+02     3.92000000000000E+03
    8.18000000000000E+02     3.91400000000000E+03
    8.19000000000000E+02     3.90700000000000E+03
    8.20000000000000E+02     3.99000000000000E+03
    8.21000000000000E+02     3.88600000000000E+03
    8.22000000000000E+02     3.88300000000000E+03
    8.23000000000000E+02     3.63400000000000E+03
    8.24000000000000E+02     3.54000000000000E+03
    8.25000000000000E+02     3.61200000000000E+03
    8.26000000000000E+02     3.64200000000000E+03
    8.27000000000000E+02     3.96400000000000E+03
    8.28000000000000E+02     3.74400000000000E+03
    8.29000000000000E+02     3.87000000000000E+03
    8.30000000000000E+02     3.83700000000000E+03
    8.31000000000000E+02     3.97700000000000E+03
    8.32000000000000E+02     3.83100000000000E+03
    8.33000000000000E+02     3.89900000000000E+03
    8.34000000000000E+02     3.80600000000000E+03
    8.35000000000000E+02     3.62600000000000E+03
    8.36000000000000E+02     3.85500000000000E+03
    8.37000000000000E+02     4.11100000000000E+03
    8.38000000000000E+02     3.64100000000000E+03
    8.39000000000000E+02     3.72800000000000E+03
    8.40000000000000E+02     3.77000000000000E+03
    8.41000000000000E+02     3.78900000000000E+03
    8.42000000000000E+02     3.86500000000000E+03
    8.43000000000000E+02     4.25400000000000E+03
    8.44000000000000E+02     4.15000000000000E+03
    8.45000000000000E+02     4.14000000000000E+03
    8.46000000000000E+02     3.90500000000000E+03
    8.47000000000000E+02     4.09000000000000E+03
    8.48000000000000E+02     3.90200000000000E+03
    8.49000000000000E+02     3.67900000000000E+03
    8.50000000000000E+02     3.55600000000000E+03
    8.51000000000000E+02     3.69000000000000E+03
    8.52000000000000E+02     3.63200000000000E+03
    8.53000000000000E+02     3.99200000000000E+03
    8.54000000000000E+02     3.90800000000000E+03
    8.55000000000000E+02     3.57300000000000E+03
    8.56000000000000E+02     3.66400000000000E+03
    8.57000000000000E+02     3.58500000000000E+03
    8.58000000000000E+02     3.67700000000000E+03
    8.59000000000000E+02     4.21700000000000E+03
    8.60000000000000E+02     4.17100000000000E+03
    8.61000000000000E+02     4.30900000000000E+03
    8.62000000000000E+02     4.44900000000000E+03
    8.63000000000000E+02     4.11500000000000E+03
    8.64000000000000E+02     4.01200000000000E+03
    8.65000000000000E+02     4.08600000000000E+03
    8.66000000000000E+02     4.03300000000000E+03
    8.67000000000000E+02     4.11200000000000E+03
    8.68000000000000E+02     3.97500000000000E+03
    8.69000000000000E+02     4.00400000000000E+03
    8.70000000000000E+02     3.87200000000000E+03
    8.71000000000000E+02     3.64300000000000E+03
    8.72000000000000E+02     3.81800000000000E+03
    8.73000000000000E+02     4.07600000000000E+03
    8.74000000000000E+02     3.95400000000000E+03
    8.75000000000000E+02     3.62100000000000E+03
    8.76000000000000E+02     3.82700000000000E+03
    8.77000000000000E+02     3.82300000000000E+03
    8.78000000000000E+02     3.75700000000000E+03
    8.79000000000000E+02     4.20400000000000E+03
    8.80000000000000E+02     4.19800000000000E+03
    8.81000000000000E+02     4.23800000000000E+03
    8.82000000000000E+02     4.05200000000000E+03
    8.83000000000000E+02     4.04600000000000E+03
    8.84000000000000E+02     4.12100000000000E+03
    8.85000000000000E+02     4.05100000000000E+03
    8.86000000000000E+02     3.97200000000000E+03
    8.87000000000000E+02     3.83700000000000E+03
    8.88000000000000E+02     3.66200000000000E+03
    8.89000000000000E+02     3.63400000000000E+03
    8.90000000000000E+02     3.60400000000000E+03
    8.91000000000000E+02     3.81600000000000E+03
    8.92000000000000E+02     3.83300000000000E+03
    8.93000000000000E+02     3.98200000000000E+03
    8.94000000000000E+02     3.84900000000000E+03
    8.95000000000000E+02     3.80100000000000E+03
    8.96000000000000E+02     3.84900000000000E+03
    8.97000000000000E+02     4.06700000000000E+03
    8.98000000000000E+02     4.16900000000000E+03
    8.99000000000000E+02     4.28800000000000E+03
    9.00000000000000E+02     4.42200000000000E+03
    9.01000000000000E+02     4.38300000000000E+03
    9.02000000000000E+02     4.36400000000000E+03
    9.03000000000000E+02     4.52600000000000E+03
    9.04000000000000E+02     4.42600000000000E+03
    9.05000000000000E+02     4.42000000000000E+03
    9.06000000000000E+02     4.17200000000000E+03
    9.07000000000000E+02     4.18800000000000E+03
    9.08000000000000E+02     4.11200000000000E+03
    9.09000000000000E+02     4.16000000000000E+03
    9.10000000000000E+02     4.18200000000000E+03
    9.11000000000000E+02     4.21300000000000E+03
    9.12000000000000E+02     3.98100000000000E+03
    9.13000000000000E+02     4.12400000000000E+03
    9.14000000000000E+02     3.92800000000000E+03
    9.15000000000000E+02     3.90000000000000E+03
    9.16000000000000E+02     3.73800000000000E+03
    9.17000000000000E+02     3.50300000000000E+03
    9.18000000000000E+02     3.66300000000000E+03
    9.19000000000000E+02     3.87300000000000E+03
    9.20000000000000E+02     3.68800000000000E+03
    9.21000000000000E+02     3.83700000000000E+03
    9.22000000000000E+02     3.76000000000000E+03
    9.23000000000000E+02     3.92600000000000E+03
    9.24000000000000E+02     3.72200000000000E+03
    9.25000000000000E+02     3.91200000000000E+03
    9.26000000000000E+02     3.75800000000000E+03
    9.27000000000000E+02     3.79200000000000E+03
    9.28000000000000E+02     4.02900000000000E+03
    9.29000000000000E+02     3.98200000000000E+03
    9.30000000000000E+02     3.83300000000000E+03
    9.31000000000000E+02     3.92900000000000E+03
    9.32000000000000E+02     3.54000000000000E+03
    9.33000000000000E+02     3.62600000000000E+03
    9.34000000000000E+02     3.80200000000000E+03
    9.35000000000000E+02     3.93000000000000E+03
    9.36000000000000E+02     3.86000000000000E+03
    9.37000000000000E+02     3.98300000000000E+03
    9.38000000000000E+02     4.12600000000000E+03
    9.39000000000000E+02     4.04900000000000E+03
    9.40000000000000E+02     3.91500000000000E+03
    9.41000000000000E+02     3.69400000000000E+03
    9.42000000000000E+02     3.49600000000000E+03
    9.43000000000000E+02     3.48300000000000E+03
    9.44000000000000E+02     3.80500000000000E+03
    9.45000000000000E+02     4.02500000000000E+03
    9.46000000000000E+02     3.92300000000000E+03
    9.47000000000000E+02     3.78500000000000E+03
    9.48000000000000E+02     3.75400000000000E+03
    9.49000000000000E+02     3.82800000000000E+03
    9.50000000000000E+02     4.06200000000000E+03
    9.51000000000000E+02     3.99400000000000E+03
    9.52000000000000E+02     3.92900000000000E+03
    9.53000000000000E+02     3.92700000000000E+03
    9.54000000000000E+02     3.79500000000000E+03
    9.55000000000000E+02     3.90800000000000E+03
    9.56000000000000E+02     3.81600000000000E+03
    9.57000000000000E+02     3.79300000000000E+03
    9.58000000000000E+02     3.95500000000000E+03
    9.59000000000000E+02     3.96900000000000E+03
    9.60000000000000E+02     3.99900000000000E+03
    9.61000000000000E+02     3.81300000000000E+03
    9.62000000000000E+02     3.78700000000000E+03
    9.63000000000000E+02     4.01800000000000E+03
    9.64000000000000E+02     4.06100000000000E+03
    9.65000000000000E+02     3.93800000000000E+03
    9.66000000000000E+02     3.95200000000000E+03
    9.67000000000000E+02     3.98400000000000E+03
    9.68000000000000E+02     3.90400000000000E+03
    9.69000000000000E+02     3.74200000000000E+03
    9.70000000000000E+02     3.48900000000000E+03
    9.71000000000000E+02     3.45900000000000E+03
    9.72000000000000E+02     3.57900000000000E+03
    9.73000000000000E+02     3.90000000000000E+03
    9.74000000000000E+02     3.69600000000000E+03
    9.75000000000000E+02     3.87600000000000E+03
    9.76000000000000E+02     3.76600000000000E+03
    9.77000000000000E+02     3.97600000000000E+03
    9.78000000000000E+02     3.86500000000000E+03
    9.79000000000000E+02     3.79900000000000E+03
    9.80000000000000E+02     3.85700000000000E+03
    9.81000000000000E+02     4.24000000000000E+03
    9.82000000000000E+02     4.22900000000000E+03
    9.83000000000000E+02     4.05600000000000E+03
    9.84000000000000E+02     3.96100000000000E+03
    9.85000000000000E+02     3.96700000000000E+03
    9.86000000000000E+02     3.79500000000000E+03
    9.87000000000000E+02     4.12100000000000E+03
    9.88000000000000E+02     4.12400000000000E+03
    9.89000000000000E+02     3.88500000000000E+03
    9.90000000000000E+02     4.11000000000000E+03
    9.91000000000000E+02     3.97600000000000E+03
    9.92000000000000E+02     3.80400000000000E+03
    9.93000000000000E+02     3.85500000000000E+03
    9.94000000000000E+02     3.95500000000000E+03
    9.95000000000000E+02     4.01900000000000E+03
    9.96000000000000E+02     4.00500000000000E+03
    9.97000000000000E+02     4.03500000000000E+03
    9.98000000000000E+02     3.79200000000000E+03
    9.99000000000000E+02     3.83900000000000E+03
    1.00000000000000E+03     3.78600000000000E+03
    1.00100000000000E+03     3.78700000000000E+03
    1.00200000000000E+03     4.04500000000000E+03
    1.00300000000000E+03     3.81700000000000E+03
    1.00400000000000E+03     3.94400000000000E+03
    1.00500000000000E+03     3.67300000000000E+03
    1.00600000000000E+03     3.76300000000000E+03
    1.00700000000000E+03     3.75200000000000E+03
    1.00800000000000E+03     3.82300000000000E+03
    1.00900000000000E+03     3.95800000000000E+03
    1.01000000000000E+03     3.87100000000000E+03
    1.01100000000000E+03     3.97300000000000E+03
    1.01200000000000E+03     3.80700000000000E+03
    1.01300000000000E+03     4.02100000000000E+03
    1.01400000000000E+03     4.07300000000000E+03
    1.01500000000000E+03     3.85400000000000E+03
    1.01600000000000E+03     3.97500000000000E+03
    1.01700000000000E+03     3.74000000000000E+03
    1.01800000000000E+03     3.75700000000000E+03
    1.01900000000000E+03     3.90900000000000E+03
    1.02000000000000E+03     3.80900000000000E+03
    1.02100000000000E+03     4.00300000000000E+03
    1.02200000000000E+03     3.91200000000000E+03
    1.02300000000000E+03     4.06600000000000E+03
    1.02400000000000E+03     4.09700000000000E+03
    1.02500000000000E+03     4.13200000000000E+03
    1.02600000000000E+03     3.79200000000000E+03
    1.02700000000000E+03     3.49400000000000E+03
    1.02800000000000E+03     3.71600000000000E+03
    1.02900000000000E+03     3.72500000000000E+03
    1.03000000000000E+03     3.93000000000000E+03
    1.03100000000000E+03     3.77900000000000E+03
    1.03200000000000E+03     3.81600000000000E+03
    1.03300000000000E+03     4.07800000000000E+03
    1.03400000000000E+03     4.05000000000000E+03
    1.03500000000000E+03     3.76000000000000E+03
    1.03600000000000E+03     3.82600000000000E+03
    1.03700000000000E+03     3.86800000000000E+03
    1.03800000000000E+03     3.87400000000000E+03
    1.03900000000000E+03     3.93600000000000E+03
    1.04000000000000E+03     3.99000000000000E+03
    1.04100000000000E+03     3.84400000000000E+03
    1.04200000000000E+03     4.06900000000000E+03
    1.04300000000000E+03     4.05000000000000E+03
    1.04400000000000E+03     3.95700000000000E+03
    1.04500000000000E+03     3.74800000000000E+03
    1.04600000000000E+03     3.86400000000000E+03
    1.04700000000000E+03     3.84700000000000E+03
    1.04800000000000E+03     3.96700000000000E+03
    1.04900000000000E+03     3.93500000000000E+03
    1.05000000000000E+03     3.72400000000000E+03
    1.05100000000000E+03     3.76900000000000E+03
    1.05200000000000E+03     3.94700000000000E+03
    1.05300000000000E+03     3.86800000000000E+03
    1.05400000000000E+03     4.06600000000000E+03
    1.05500000000000E+03     3.87600000000000E+03
    1.05600000000000E+03     4.19200000000000E+03
    1.05700000000000E+03     3.98000000000000E+03
    1.05800000000000E+03     4.16200000000000E+03
    1.05900000000000E+03     4.07800000000000E+03
    1.06000000000000E+03     3.92700000000000E+03
    1.06100000000000E+03     3.99200000000000E+03
    1.06200000000000E+03     3.73000000000000E+03
    1.06300000000000E+03     3.76000000000000E+03
    1.06400000000000E+03     3.85200000000000E+03
    1.06500000000000E+03     3.87700000000000E+03
    1.06600000000000E+03     4.10900000000000E+03
    1.06700000000000E+03     4.14300000000000E+03
    1.06800000000000E+03     4.30100000000000E+03
    1.06900000000000E+03     4.40000000000000E+03
    1.07000000000000E+03     4.32700000000000E+03
    1.07100000000000E+03     4.35700000000000E+03
    1.07200000000000E+03     4.10100000000000E+03
    1.07300000000000E+03     4.14700000000000E+03
    1.07400000000000E+03     4.08700000000000E+03
    1.07500000000000E+03     4.22600000000000E+03
    1.07600000000000E+03     4.21700000000000E+03
    1.07700000000000E+03     4.02100000000000E+03
    1.07800000000000E+03     3.99700000000000E+03
    1.07900000000000E+03     3.78900000000000E+03
    1.08000000000000E+03     3.56200000000000E+03
    1.08100000000000E+03     3.88500000000000E+03
    1.08200000000000E+03     3.66700000000000E+03
    1.08300000000000E+03     3.78800000000000E+03
    1.08400000000000E+03     3.94400000000000E+03
    1.08500000000000E+03     3.72300000000000E+03
    1.08600000000000E+03     3.90800000000000E+03
    1.08700000000000E+03     3.61600000000000E+03
    1.08800000000000E+03     3.50000000000000E+03
    1.08900000000000E+03     3.79900000000000E+03
    1.09000000000000E+03     3.92300000000000E+03
    1.09100000000000E+03     3.66300000000000E+03
    1.09200000000000E+03     3.83900000000000E+03
    1.09300000000000E+03     3.78000000000000E+03
    1.09400000000000E+03     3.94700000000000E+03
    1.09500000000000E+03     3.89600000000000E+03
    1.09600000000000E+03     3.75300000000000E+03
    1.09700000000000E+03     3.95600000000000E+03
    1.09800000000000E+03     3.84100000000000E+03
    1.09900000000000E+03     3.79900000000000E+03
    1.10000000000000E+03     4.07200000000000E+03
    1.10100000000000E+03     3.96700000000000E+03
    1.10200000000000E+03     4.20200000000000E+03
    1.10300000000000E+03     3.98900000000000E+03
    1.10400000000000E+03     4.04500000000000E+03
    1.10500000000000E+03     3.83000000000000E+03
    1.10600000000000E+03     3.55100000000000E+03
    1.10700000000000E+03     3.64100000000000E+03
    1.10800000000000E+03     3.78200000000000E+03
    1.10900000000000E+03     3.99300000000000E+03
    1.11000000000000E+03     3.92100000000000E+03
    1.11100000000000E+03     4.02900000000000E+03
    1.11200000000000E+03     3.89000000000000E+03
    1.11300000000000E+03     3.76500000000000E+03
    1.11400000000000E+03     3.79600000000000E+03
    1.11500000000000E+03     4.04300000000000E+03
    1.11600000000000E+03     3.99700000000000E+03
    1.11700000000000E+03     3.92200000000000E+03
    1.11800000000000E+03     3.88000000000000E+03
    1.11900000000000E+03     4.14100000000000E+03
    1.12000000000000E+03     4.14600000000000E+03
    1.12100000000000E+03     4.28700000000000E+03
    1.12200000000000E+03     4.39600000000000E+03
    1.12300000000000E+03     3.95300000000000E+03
    1.12400000000000E+03     3.90200000000000E+03
    1.12500000000000E+03     3.94100000000000E+03
    1.12600000000000E+03     4.10500000000000E+03
    1.12700000000000E+03     3.73800000000000E+03
    1.12800000000000E+03     3.61000000000000E+03
    1.12900000000000E+03     3.72100000000000E+03
    1.13000000000000E+03     3.71600000000000E+03
    1.13100000000000E+03     3.87000000000000E+03
    1.13200000000000E+03     3.89300000000000E+03
    1.13300000000000E+03     4.05600000000000E+03
    1.13400000000000E+03     3.70600000000000E+03
    1.13500000000000E+03     3.76100000000000E+03
    1.13600000000000E+03     3.85000000000000E+03
    1.13700000000000E+03     3.93800000000000E+03
    1.13800000000000E+03     3.72200000000000E+03
    1.13900000000000E+03     3.81900000000000E+03
    1.14000000000000E+03     3.89900000000000E+03
    1.14100000000000E+03     3.63800000000000E+03
    1.14200000000000E+03     3.75300000000000E+03
    1.14300000000000E+03     4.05900000000000E+03
    1.14400000000000E+03     3.99400000000000E+03
    1.14500000000000E+03     3.86600000000000E+03
    1.14600000000000E+03     4.09400000000000E+03
    1.14700000000000E+03     3.84700000000000E+03
    1.14800000000000E+03     4.14400000000000E+03
    1.14900000000000E+03     4.07000000000000E+03
    1.15000000000000E+03     3.75100000000000E+03
    1.15100000000000E+03     3.73000000000000E+03
    1.15200000000000E+03     3.74500000000000E+03
    1.15300000000000E+03     3.93000000000000E+03
    1.15400000000000E+03     3.97500000000000E+03
    1.15500000000000E+03     3.95800000000000E+03
    1.15600000000000E+03     3.92500000000000E+03
    1.15700000000000E+03     4.00500000000000E+03
    1.15800000000000E+03     3.75500000000000E+03
    1.15900000000000E+03     3.83400000000000E+03
    1.16000000000000E+03     3.77600000000000E+03
    1.16100000000000E+03     3.83900000000000E+03
    1.16200000000000E+03     3.95800000000000E+03
    1.16300000000000E+03     3.86400000000000E+03
    1.16400000000000E+03     3.94800000000000E+03
    1.16500000000000E+03     3.92400000000000E+03
    1.16600000000000E+03     3.84900000000000E+03
    1.16700000000000E+03     3.94800000000000E+03
    1.16800000000000E+03     3.99300000000000E+03
    1.16900000000000E+03     3.87800000000000E+03
    1.17000000000000E+03     3.81800000000000E+03
    1.17100000000000E+03     4.02500000000000E+03
    1.17200000000000E+03     3.94800000000000E+03
    1.17300000000000E+03     3.74400000000000E+03
    1.17400000000000E+03     3.93800000000000E+03
    1.17500000000000E+03     3.45800000000000E+03
    1.17600000000000E+03     3.22100000000000E+03
    1.17700000000000E+03     3.44100000000000E+03
    1.17800000000000E+03     3.71100000000000E+03
    1.17900000000000E+03     3.74900000000000E+03
    1.18000000000000E+03     3.91400000000000E+03
    1.18100000000000E+03     3.73200000000000E+03
    1.18200000000000E+03     3.81200000000000E+03
    1.18300000000000E+03     3.89400000000000E+03
    1.18400000000000E+03     3.92800000000000E+03
    1.18500000000000E+03     4.07500000000000E+03
    1.18600000000000E+03     4.12400000000000E+03
    1.18700000000000E+03     3.81300000000000E+03
    1.18800000000000E+03     3.76300000000000E+03
    1.18900000000000E+03     4.03300000000000E+03
    1.19000000000000E+03     3.86100000000000E+03
    1.19100000000000E+03     4.06100000000000E+03
    1.19200000000000E+03     3.98900000000000E+03
    1.19300000000000E+03     3.83600000000000E+03
    1.19400000000000E+03     3.94800000000000E+03
    1.19500000000000E+03     4.20400000000000E+03
    1.19600000000000E+03     4.34900000000000E+03
    1.19700000000000E+03     4.55900000000000E+03
    1.19800000000000E+03     4.62300000000000E+03
    1.19900000000000E+03     4.59200000000000E+03
    1.20000000000000E+03     4.27500000000000E+03
    1.20100000000000E+03     4.60100000000000E+03
    1.20200000000000E+03     4.56400000000000E+03
    1.20300000000000E+03     4.25900000000000E+03
    1.20400000000000E+03     4.32800000000000E+03
    1.20500000000000E+03     4.06600000000000E+03
    1.20600000000000E+03     4.18400000000000E+03
    1.20700000000000E+03     4.10700000000000E+03
    1.20800000000000E+03     3.89600000000000E+03
    1.20900000000000E+03     3.94800000000000E+03
    1.21000000000000E+03     3.66500000000000E+03
    1.21100000000000E+03     3.28600000000000E+03
    1.21200000000000E+03     3.53000000000000E+03
    1.21300000000000E+03     3.58700000000000E+03
    1.21400000000000E+03     3.68800000000000E+03
    1.21500000000000E+03     3.96700000000000E+03
    1.21600000000000E+03     3.64400000000000E+03
    1.21700000000000E+03     3.78300000000000E+03
    1.21800000000000E+03     3.94100000000000E+03
    1.21900000000000E+03     3.85600000000000E+03
    1.22000000000000E+03     3.78700000000000E+03
    1.22100000000000E+03     3.83600000000000E+03
    1.22200000000000E+03     3.95800000000000E+03
    1.22300000000000E+03     3.87500000000000E+03
    1.22400000000000E+03     3.97600000000000E+03
    1.22500000000000E+03     3.70300000000000E+03
    1.22600000000000E+03     3.64400000000000E+03
    1.22700000000000E+03     3.71400000000000E+03
    1.22800000000000E+03     3.91100000000000E+03
    1.22900000000000E+03     3.73200000000000E+03
    1.23000000000000E+03     3.77700000000000E+03
    1.23100000000000E+03     4.04200000000000E+03
    1.23200000000000E+03     4.09300000000000E+03
    1.23300000000000E+03     3.98600000000000E+03
    1.23400000000000E+03     4.00000000000000E+03
    1.23500000000000E+03     4.13400000000000E+03
    1.23600000000000E+03     4.19900000000000E+03
    1.23700000000000E+03     3.76200000000000E+03
    1.23800000000000E+03     3.53900000000000E+03
    1.23900000000000E+03     3.72500000000000E+03
    1.24000000000000E+03     3.82500000000000E+03
    1.24100000000000E+03     3.77800000000000E+03
    1.24200000000000E+03     3.95600000000000E+03
    1.24300000000000E+03     3.84900000000000E+03
    1.24400000000000E+03     4.06100000000000E+03
    1.24500000000000E+03     3.88000000000000E+03
    1.24600000000000E+03     3.78800000000000E+03
    1.24700000000000E+03     3.89400000000000E+03
    1.24800000000000E+03     3.88100000000000E+03
    1.24900000000000E+03     4.05600000000000E+03
    1.25000000000000E+03     3.92400000000000E+03
    1.25100000000000E+03     3.97000000000000E+03
    1.25200000000000E+03     3.99800000000000E+03
    1.25300000000000E+03     4.08800000000000E+03
    1.25400000000000E+03     3.80900000000000E+03
    1.25500000000000E+03     3.80000000000000E+03
    1.25600000000000E+03     3.97000000000000E+03
    1.25700000000000E+03     3.77800000000000E+03
    1.25800000000000E+03     3.75600000000000E+03
    1.25900000000000E+03     3.81000000000000E+03
    1.26000000000000E+03     3.89600000000000E+03
    1.26100000000000E+03     4.00600000000000E+03
    1.26200000000000E+03     3.72300000000000E+03
    1.26300000000000E+03     3.84800000000000E+03
    1.26400000000000E+03     3.89300000000000E+03
    1.26500000000000E+03     3.79700000000000E+03
    1.26600000000000E+03     3.96000000000000E+03
    1.26700000000000E+03     3.88600000000000E+03
    1.26800000000000E+03     3.73200000000000E+03
    1.26900000000000E+03     3.88900000000000E+03
    1.27000000000000E+03     3.91500000000000E+03
    1.27100000000000E+03     3.95200000000000E+03
    1.27200000000000E+03     4.17400000000000E+03
    1.27300000000000E+03     4.01200000000000E+03
    1.27400000000000E+03     4.00500000000000E+03
    1.27500000000000E+03     3.84900000000000E+03
    1.27600000000000E+03     3.95100000000000E+03
    1.27700000000000E+03     3.86400000000000E+03
    1.27800000000000E+03     3.97500000000000E+03
    1.27900000000000E+03     4.08900000000000E+03
    1.28000000000000E+03     4.01400000000000E+03
    1.28100000000000E+03     3.98800000000000E+03
    1.28200000000000E+03     4.21200000000000E+03
    1.28300000000000E+03     4.34500000000000E+03
    1.28400000000000E+03     4.14900000000000E+03
    1.28500000000000E+03     4.07700000000000E+03
    1.28600000000000E+03     3.75200000000000E+03
    1.28700000000000E+03     3.34100000000000E+03
    1.28800000000000E+03     3.54900000000000E+03
    1.28900000000000E+03     3.55800000000000E+03
    1.29000000000000E+03     3.76100000000000E+03
    1.29100000000000E+03     3.94000000000000E+03
    1.29200000000000E+03     3.72000000000000E+03
    1.29300000000000E+03     3.73000000000000E+03
    1.29400000000000E+03     4.09500000000000E+03
    1.29500000000000E+03     4.08300000000000E+03
    1.29600000000000E+03     4.12500000000000E+03
    1.29700000000000E+03     3.80900000000000E+03
    1.29800000000000E+03     3.79300000000000E+03
    1.29900000000000E+03     3.97900000000000E+03
    1.30000000000000E+03     4.03900000000000E+03
    1.30100000000000E+03     4.13300000000000E+03
    1.30200000000000E+03     4.09900000000000E+03
    1.30300000000000E+03     4.21600000000000E+03
    1.30400000000000E+03     4.11000000000000E+03
    1.30500000000000E+03     4.00800000000000E+03
    1.30600000000000E+03     4.20400000000000E+03
    1.30700000000000E+03     3.92800000000000E+03
    1.30800000000000E+03     3.60900000000000E+03
    1.30900000000000E+03     3.42000000000000E+03
    1.31000000000000E+03     3.62000000000000E+03
    1.31100000000000E+03     3.73800000000000E+03
    1.31200000000000E+03     3.94000000000000E+03
    1.31300000000000E+03     3.60400000000000E+03
    1.31400000000000E+03     3.60300000000000E+03
    1.31500000000000E+03     3.68700000000000E+03
    1.31600000000000E+03     3.96000000000000E+03
    1.31700000000000E+03     3.92700000000000E+03
    1.31800000000000E+03     4.16500000000000E+03
    1.31900000000000E+03     3.96000000000000E+03
    1.32000000000000E+03     3.98900000000000E+03
    1.32100000000000E+03     3.63300000000000E+03
    1.32200000000000E+03     3.66300000000000E+03
    1.32300000000000E+03     3.75800000000000E+03
    1.32400000000000E+03     3.87200000000000E+03
    1.32500000000000E+03     4.02400000000000E+03
    1.32600000000000E+03     4.08900000000000E+03
    1.32700000000000E+03     4.53700000000000E+03
    1.32800000000000E+03     4.47300000000000E+03
    1.32900000000000E+03     4.74100000000000E+03
    1.33000000000000E+03     4.70400000000000E+03
    1.33100000000000E+03     4.57600000000000E+03
    1.33200000000000E+03     4.61000000000000E+03
    1.33300000000000E+03     4.68600000000000E+03
    1.33400000000000E+03     4.56300000000000E+03
    1.33500000000000E+03     4.76400000000000E+03
    1.33600000000000E+03     4.53400000000000E+03
    1.33700000000000E+03     4.65500000000000E+03
    1.33800000000000E+03     4.53900000000000E+03
    1.33900000000000E+03     4.58700000000000E+03
    1.34000000000000E+03     4.34300000000000E+03
    1.34100000000000E+03     4.28000000000000E+03
    1.34200000000000E+03     4.39000000000000E+03
    1.34300000000000E+03     4.29500000000000E+03
    1.34400000000000E+03     4.27800000000000E+03
    1.34500000000000E+03     4.13800000000000E+03
    1.34600000000000E+03     3.93900000000000E+03
    1.34700000000000E+03     4.07700000000000E+03
    1.34800000000000E+03     4.15500000000000E+03
    1.34900000000000E+03     3.83300000000000E+03
    1.35000000000000E+03     3.63200000000000E+03
    1.35100000000000E+03     4.16500000000000E+03
    1.35200000000000E+03     3.85400000000000E+03
    1.35300000000000E+03     4.14700000000000E+03
    1.35400000000000E+03     4.22200000000000E+03
    1.35500000000000E+03     4.33200000000000E+03
    1.35600000000000E+03     4.04000000000000E+03
    1.35700000000000E+03     3.93100000000000E+03
    1.35800000000000E+03     3.88900000000000E+03
    1.35900000000000E+03     3.79200000000000E+03
    1.36000000000000E+03     3.76400000000000E+03
    1.36100000000000E+03     3.81700000000000E+03
    1.36200000000000E+03     4.04100000000000E+03
    1.36300000000000E+03     4.08200000000000E+03
    1.36400000000000E+03     3.70000000000000E+03
    1.36500000000000E+03     3.88100000000000E+03
    1.36600000000000E+03     3.66600000000000E+03
    1.36700000000000E+03     3.84800000000000E+03
    1.36800000000000E+03     3.64700000000000E+03
    1.36900000000000E+03     3.88000000000000E+03
    1.37000000000000E+03     3.63200000000000E+03
    1.37100000000000E+03     3.62800000000000E+03
    1.37200000000000E+03     3.93600000000000E+03
    1.37300000000000E+03     3.56900000000000E+03
    1.37400000000000E+03     3.59200000000000E+03
    1.37500000000000E+03     3.81800000000000E+03
    1.37600000000000E+03     3.91900000000000E+03
    1.37700000000000E+03     3.73700000000000E+03
    1.37800000000000E+03     3.80900000000000E+03
    1.37900000000000E+03     4.05100000000000E+03
    1.38000000000000E+03     4.17400000000000E+03
    1.38100000000000E+03     4.06200000000000E+03
    1.38200000000000E+03     3.85500000000000E+03
    1.38300000000000E+03     4.08100000000000E+03
    1.38400000000000E+03     4.16000000000000E+03
    1.38500000000000E+03     4.18200000000000E+03
    1.38600000000000E+03     4.09000000000000E+03
    1.38700000000000E+03     3.81800000000000E+03
    1.38800000000000E+03     3.80500000000000E+03
    1.38900000000000E+03     4.03400000000000E+03
    1.39000000000000E+03     3.86700000000000E+03
    1.39100000000000E+03     4.09200000000000E+03
    1.39200000000000E+03     4.10900000000000E+03
    1.39300000000000E+03     4.03500000000000E+03
    1.39400000000000E+03     3.98000000000000E+03
    1.39500000000000E+03     3.85900000000000E+03
    1.39600000000000E+03     3.75100000000000E+03
    1.39700000000000E+03     4.08000000000000E+03
    1.39800000000000E+03     3.82200000000000E+03
    1.39900000000000E+03     3.80900000000000E+03
    1.40000000000000E+03     3.82000000000000E+03
    1.40100000000000E+03     3.98100000000000E+03
    1.40200000000000E+03     3.95400000000000E+03
    1.40300000000000E+03     4.07000000000000E+03
    1.40400000000000E+03     3.90300000000000E+03
    1.40500000000000E+03     3.77400000000000E+03
    1.40600000000000E+03     3.89700000000000E+03
    1.40700000000000E+03     3.85800000000000E+03
    1.40800000000000E+03     3.96400000000000E+03
    1.40900000000000E+03     3.99000000000000E+03
    1.41000000000000E+03     3.91900000000000E+03
    1.41100000000000E+03     3.62100000000000E+03
    1.41200000000000E+03     3.39900000000000E+03
    1.41300000000000E+03     3.55600000000000E+03
    1.41400000000000E+03     3.80900000000000E+03
    1.41500000000000E+03     3.64500000000000E+03
    1.41600000000000E+03     3.92100000000000E+03
    1.41700000000000E+03     3.72900000000000E+03
    1.41800000000000E+03     3.84400000000000E+03
    1.41900000000000E+03     4.03900000000000E+03
    1.42000000000000E+03     3.92700000000000E+03
    1.42100000000000E+03     4.03900000000000E+03
    1.42200000000000E+03     3.89300000000000E+03
    1.42300000000000E+03     4.02700000000000E+03
    1.42400000000000E+03     4.20200000000000E+03
    1.42500000000000E+03     4.17600000000000E+03
    1.42600000000000E+03     4.18100000000000E+03
    1.42700000000000E+03     4.24600000000000E+03
    1.42800000000000E+03     4.11800000000000E+03
    1.42900000000000E+03     4.39900000000000E+03
    1.43000000000000E+03     4.49500000000000E+03
    1.43100000000000E+03     4.63400000000000E+03
    1.43200000000000E+03     4.53300000000000E+03
    1.43300000000000E+03     4.34500000000000E+03
    1.43400000000000E+03     4.41700000000000E+03
    1.43500000000000E+03     4.16900000000000E+03
    1.43600000000000E+03     4.39700000000000E+03
    1.43700000000000E+03     4.36600000000000E+03
    1.43800000000000E+03     4.46800000000000E+03
    1.43900000000000E+03     4.47200000000000E+03
    1.44000000000000E+03     4.71700000000000E+03
    1.44100000000000E+03     4.80700000000000E+03
    1.44200000000000E+03     4.67900000000000E+03
    1.44300000000000E+03     4.61100000000000E+03
    1.44400000000000E+03     4.56300000000000E+03
    1.44500000000000E+03     4.56600000000000E+03
    1.44600000000000E+03     4.53900000000000E+03
    1.44700000000000E+03     4.59300000000000E+03
    1.44800000000000E+03     4.60100000000000E+03
    1.44900000000000E+03     4.67300000000000E+03
    1.45000000000000E+03     4.79700000000000E+03
    1.45100000000000E+03     4.86900000000000E+03
    1.45200000000000E+03     5.02700000000000E+03
    1.45300000000000E+03     4.70000000000000E+03
    1.45400000000000E+03     4.71600000000000E+03
    1.45500000000000E+03     4.72000000000000E+03
    1.45600000000000E+03     4.69500000000000E+03
    1.45700000000000E+03     4.71800000000000E+03
    1.45800000000000E+03     4.62500000000000E+03
    1.45900000000000E+03     4.27800000000000E+03
    1.46000000000000E+03     3.97500000000000E+03
    1.46100000000000E+03     4.18100000000000E+03
    1.46200000000000E+03     3.95000000000000E+03
    1.46300000000000E+03     4.11200000000000E+03
    1.46400000000000E+03     3.90700000000000E+03
    1.46500000000000E+03     3.92000000000000E+03
    1.46600000000000E+03     3.73100000000000E+03
    1.46700000000000E+03     2.99800000000000E+03
    1.46800000000000E+03     3.33800000000000E+03
    1.46900000000000E+03     3.55200000000000E+03
    1.47000000000000E+03     3.85100000000000E+03
    1.47100000000000E+03     3.92400000000000E+03
    1.47200000000000E+03     3.71100000000000E+03
    1.47300000000000E+03     3.68000000000000E+03
    1.47400000000000E+03     3.85200000000000E+03
    1.47500000000000E+03     3.95900000000000E+03
    1.47600000000000E+03     4.05800000000000E+03
    1.47700000000000E+03     4.04000000000000E+03
    1.47800000000000E+03     3.83100000000000E+03
    1.47900000000000E+03     3.98700000000000E+03
    1.48000000000000E+03     3.82000000000000E+03
    1.48100000000000E+03     3.89000000000000E+03
    1.48200000000000E+03     3.61100000000000E+03
    1.48300000000000E+03     3.59600000000000E+03
    1.48400000000000E+03     3.82400000000000E+03
    1.48500000000000E+03     3.99600000000000E+03
    1.48600000000000E+03     3.97100000000000E+03
    1.48700000000000E+03     3.91600000000000E+03
    1.48800000000000E+03     3.73200000000000E+03
    1.48900000000000E+03     3.84700000000000E+03
    1.49000000000000E+03     3.94700000000000E+03
    1.49100000000000E+03     3.85400000000000E+03
    1.49200000000000E+03     4.16500000000000E+03
    1.49300000000000E+03     4.06700000000000E+03
    1.49400000000000E+03     4.18400000000000E+03
    1.49500000000000E+03     4.31600000000000E+03
    1.49600000000000E+03     4.39500000000000E+03
    1.49700000000000E+03     4.38900000000000E+03
    1.49800000000000E+03     4.30100000000000E+03
    1.49900000000000E+03     4.39300000000000E+03
    1.50000000000000E+03     4.36100000000000E+03
    1.50100000000000E+03     4.18700000000000E+03
    1.50200000000000E+03     4.15200000000000E+03
    1.50300000000000E+03     4.05400000000000E+03
    1.50400000000000E+03     4.01300000000000E+03
    1.50500000000000E+03     4.10100000000000E+03
    1.50600000000000E+03     4.05000000000000E+03
    1.50700000000000E+03     4.07500000000000E+03
    1.50800000000000E+03     4.19100000000000E+03
    1.50900000000000E+03     4.01600000000000E+03
    1.51000000000000E+03     4.05200000000000E+03
    1.51100000000000E+03     3.86700000000000E+03
    1.51200000000000E+03     3.90100000000000E+03
    1.51300000000000E+03     3.57100000000000E+03
    1.51400000000000E+03     3.71700000000000E+03
    1.51500000000000E+03     3.82300000000000E+03
    1.51600000000000E+03     3.81100000000000E+03
    1.51700000000000E+03     4.00300000000000E+03
    1.51800000000000E+03     3.71000000000000E+03
    1.51900000000000E+03     3.83800000000000E+03
    1.52000000000000E+03     3.71400000000000E+03
    1.52100000000000E+03     4.01000000000000E+03
    1.52200000000000E+03     3.67000000000000E+03
    1.52300000000000E+03     3.88600000000000E+03
    1.52400000000000E+03     3.82400000000000E+03
    1.52500000000000E+03     3.94800000000000E+03
    1.52600000000000E+03     4.01200000000000E+03
    1.52700000000000E+03     3.96200000000000E+03
    1.52800000000000E+03     3.90500000000000E+03
    1.52900000000000E+03     4.00700000000000E+03
    1.53000000000000E+03     3.83700000000000E+03
    1.53100000000000E+03     3.70300000000000E+03
    1.53200000000000E+03     3.94000000000000E+03
    1.53300000000000E+03     3.55800000000000E+03
    1.53400000000000E+03     3.49100000000000E+03
    1.53500000000000E+03     3.55400000000000E+03
    1.53600000000000E+03     3.49200000000000E+03
    1.53700000000000E+03     3.53000000000000E+03
    1.53800000000000E+03     3.75300000000000E+03
    1.53900000000000E+03     3.82200000000000E+03
    1.54000000000000E+03     4.01100000000000E+03
    1.54100000000000E+03     3.70200000000000E+03
    1.54200000000000E+03     3.65900000000000E+03
    1.54300000000000E+03     4.05700000000000E+03
    1.54400000000000E+03     3.88700000000000E+03
    1.54500000000000E+03     4.05000000000000E+03
    1.54600000000000E+03     4.01700000000000E+03
    1.54700000000000E+03     4.08900000000000E+03
    1.54800000000000E+03     4.00500000000000E+03
    1.54900000000000E+03     4.16800000000000E+03
    1.55000000000000E+03     4.02400000000000E+03
    1.55100000000000E+03     3.80300000000000E+03
    1.55200000000000E+03     3.74900000000000E+03
    1.55300000000000E+03     3.94000000000000E+03
    1.55400000000000E+03     3.93000000000000E+03
    1.55500000000000E+03     4.22700000000000E+03
    1.55600000000000E+03     4.14700000000000E+03
    1.55700000000000E+03     4.03000000000000E+03
    1.55800000000000E+03     4.08900000000000E+03
    1.55900000000000E+03     4.30700000000000E+03
    1.56000000000000E+03     4.56600000000000E+03
    1.56100000000000E+03     4.28400000000000E+03
    1.56200000000000E+03     4.35200000000000E+03
    1.56300000000000E+03     4.16400000000000E+03
    1.56400000000000E+03     4.17700000000000E+03
    1.56500000000000E+03     4.08000000000000E+03
    1.56600000000000E+03     4.14600000000000E+03
    1.56700000000000E+03     4.19700000000000E+03
    1.56800000000000E+03     4.10400000000000E+03
    1.56900000000000E+03     4.12800000000000E+03
    1.57000000000000E+03     4.16500000000000E+03
    1.57100000000000E+03     4.08200000000000E+03
    1.57200000000000E+03     4.02700000000000E+03
    1.57300000000000E+03     4.16200000000000E+03
    1.57400000000000E+03     4.01900000000000E+03
    1.57500000000000E+03     3.86400000000000E+03
    1.57600000000000E+03     3.04200000000000E+03
    1.57700000000000E+03     3.01500000000000E+03
    1.57800000000000E+03     3.21800000000000E+03
    1.57900000000000E+03     3.28200000000000E+03
    1.58000000000000E+03     3.38000000000000E+03
    1.58100000000000E+03     3.55700000000000E+03
    1.58200000000000E+03     3.80400000000000E+03
    1.58300000000000E+03     3.82100000000000E+03
    1.58400000000000E+03     3.83700000000000E+03
    1.58500000000000E+03     4.08900000000000E+03
    1.58600000000000E+03     3.83200000000000E+03
    1.58700000000000E+03     4.12600000000000E+03
    1.58800000000000E+03     3.84100000000000E+03
    1.58900000000000E+03     3.61800000000000E+03
    1.59000000000000E+03     3.62900000000000E+03
    1.59100000000000E+03     3.67300000000000E+03
    1.59200000000000E+03     3.75700000000000E+03
    1.59300000000000E+03     3.92200000000000E+03
    1.59400000000000E+03     4.01800000000000E+03
    1.59500000000000E+03     3.87600000000000E+03
    1.59600000000000E+03     4.12700000000000E+03
    1.59700000000000E+03     4.19900000000000E+03
    1.59800000000000E+03     3.83600000000000E+03
    1.59900000000000E+03     4.10200000000000E+03
    1.60000000000000E+03     4.00200000000000E+03
    1.60100000000000E+03     3.90100000000000E+03
    1.60200000000000E+03     3.92400000000000E+03
    1.60300000000000E+03     3.87600000000000E+03
    1.60400000000000E+03     3.79900000000000E+03
    1.60500000000000E+03     4.08800000000000E+03
    1.60600000000000E+03     4.05100000000000E+03
    1.60700000000000E+03     4.02300000000000E+03
    1.60800000000000E+03     4.07000000000000E+03
    1.60900000000000E+03     4.20800000000000E+03
    1.61000000000000E+03     4.24800000000000E+03
    1.61100000000000E+03     4.31000000000000E+03
    1.61200000000000E+03     4.07200000000000E+03
    1.61300000000000E+03     4.30000000000000E+03
    1.61400000000000E+03     4.17000000000000E+03
    1.61500000000000E+03     3.89700000000000E+03
    1.61600000000000E+03     3.80700000000000E+03
    1.61700000000000E+03     3.54800000000000E+03
    1.61800000000000E+03     3.81900000000000E+03
    1.61900000000000E+03     3.97400000000000E+03
    1.62000000000000E+03     3.99200000000000E+03
    1.62100000000000E+03     4.04400000000000E+03
    1.62200000000000E+03     3.82700000000000E+03
    1.62300000000000E+03     3.71700000000000E+03
    1.62400000000000E+03     3.84000000000000E+03
    1.62500000000000E+03     3.89000000000000E+03
    1.62600000000000E+03     3.76300000000000E+03
    1.62700000000000E+03     3.95100000000000E+03
    1.62800000000000E+03     3.81700000000000E+03
    1.62900000000000E+03     4.16900000000000E+03
    1.63000000000000E+03     4.09300000000000E+03
    1.63100000000000E+03     3.98900000000000E+03
    1.63200000000000E+03     3.89600000000000E+03
    1.63300000000000E+03     3.80300000000000E+03
    1.63400000000000E+03     3.81500000000000E+03
    1.63500000000000E+03     3.93700000000000E+03
    1.63600000000000E+03     3.89500000000000E+03
    1.63700000000000E+03     3.88000000000000E+03
    1.63800000000000E+03     4.08000000000000E+03
    1.63900000000000E+03     3.90100000000000E+03
    1.64000000000000E+03     3.85400000000000E+03
    1.64100000000000E+03     4.12900000000000E+03
    1.64200000000000E+03     3.85100000000000E+03
    1.64300000000000E+03     4.19200000000000E+03
    1.64400000000000E+03     4.17200000000000E+03
    1.64500000000000E+03     4.49900000000000E+03
    1.64600000000000E+03     4.23500000000000E+03
    1.64700000000000E+03     4.48000000000000E+03
    1.64800000000000E+03     4.27800000000000E+03
    1.64900000000000E+03     4.11800000000000E+03
    1.65000000000000E+03     4.14300000000000E+03
    1.65100000000000E+03     4.16300000000000E+03
    1.65200000000000E+03     3.97600000000000E+03
    1.65300000000000E+03     3.94200000000000E+03
    1.65400000000000E+03     3.98500000000000E+03
    1.65500000000000E+03     3.76800000000000E+03
    1.65600000000000E+03     3.04200000000000E+03
    1.65700000000000E+03     3.21400000000000E+03
    1.65800000000000E+03     3.38200000000000E+03
    1.65900000000000E+03     3.55800000000000E+03
    1.66000000000000E+03     3.73300000000000E+03
    1.66100000000000E+03     3.86200000000000E+03
    1.66200000000000E+03     4.17300000000000E+03
    1.66300000000000E+03     4.29500000000000E+03
    1.66400000000000E+03     4.43800000000000E+03
    1.66500000000000E+03     4.65100000000000E+03
    1.66600000000000E+03     4.47800000000000E+03
    1.66700000000000E+03     4.41300000000000E+03
    1.66800000000000E+03     4.55300000000000E+03
    1.66900000000000E+03     4.80100000000000E+03
    1.67000000000000E+03     4.88900000000000E+03
    1.67100000000000E+03     4.89100000000000E+03
    1.67200000000000E+03     4.87800000000000E+03
    1.67300000000000E+03     4.74100000000000E+03
    1.67400000000000E+03     4.99300000000000E+03
    1.67500000000000E+03     5.23800000000000E+03
    1.67600000000000E+03     5.16500000000000E+03
    1.67700000000000E+03     5.27800000000000E+03
    1.67800000000000E+03     5.03300000000000E+03
    1.67900000000000E+03     5.00500000000000E+03
    1.68000000000000E+03     5.16000000000000E+03
    1.68100000000000E+03     5.19700000000000E+03
    1.68200000000000E+03     5.56700000000000E+03
    1.68300000000000E+03     5.56300000000000E+03
    1.68400000000000E+03     5.62700000000000E+03
    1.68500000000000E+03     5.50400000000000E+03
    1.68600000000000E+03     5.88200000000000E+03
    1.68700000000000E+03     6.12000000000000E+03
    1.68800000000000E+03     6.35400000000000E+03
    1.68900000000000E+03     6.34700000000000E+03
    1.69000000000000E+03     6.47800000000000E+03
    1.69100000000000E+03     6.34400000000000E+03
    1.69200000000000E+03     6.12900000000000E+03
    1.69300000000000E+03     6.33300000000000E+03
    1.69400000000000E+03     6.48400000000000E+03
    1.69500000000000E+03     6.45300000000000E+03
    1.69600000000000E+03     6.50700000000000E+03
    1.69700000000000E+03     6.59400000000000E+03
    1.69800000000000E+03     6.94400000000000E+03
    1.69900000000000E+03     6.91700000000000E+03
    1.70000000000000E+03     6.67400000000000E+03
    1.70100000000000E+03     6.88800000000000E+03
    1.70200000000000E+03     6.86700000000000E+03
    1.70300000000000E+03     7.28000000000000E+03
    1.70400000000000E+03     7.75200000000000E+03
    1.70500000000000E+03     8.03600000000000E+03
    1.70600000000000E+03     8.14100000000000E+03
    1.70700000000000E+03     8.09400000000000E+03
    1.70800000000000E+03     8.53100000000000E+03
    1.70900000000000E+03     8.81700000000000E+03
    1.71000000000000E+03     9.21300000000000E+03
    1.71100000000000E+03     9.03000000000000E+03
    1.71200000000000E+03     9.53400000000000E+03
    1.71300000000000E+03     9.65400000000000E+03
    1.71400000000000E+03     9.90600000000000E+03
    1.71500000000000E+03     1.02310000000000E+04
    1.71600000000000E+03     1.07860000000000E+04
    1.71700000000000E+03     1.16180000000000E+04
    1.71800000000000E+03     1.25860000000000E+04
    1.71900000000000E+03     1.40330000000000E+04
    1.72000000000000E+03     1.50900000000000E+04
    1.72100000000000E+03     1.64950000000000E+04
    1.72200000000000E+03     1.77090000000000E+04
    1.72300000000000E+03     1.91880000000000E+04
    1.72400000000000E+03     2.06490000000000E+04
