    1.00000000000000E+00     3.34100000000000E+03
    2.00000000000000E+00     3.61300000000000E+03
    3.00000000000000E+00     3.78600000000000E+03
    4.00000000000000E+00     3.98700000000000E+03
    5.00000000000000E+00     4.04300000000000E+03
    6.00000000000000E+00     4.04200000000000E+03
    7.00000000000000E+00     4.02300000000000E+03
    8.00000000000000E+00     4.09000000000000E+03
    9.00000000000000E+00     3.98100000000000E+03
    1.00000000000000E+01     3.84400000000000E+03
    1.10000000000000E+01     4.04000000000000E+03
    1.20000000000000E+01     3.84200000000000E+03
    1.30000000000000E+01     3.93800000000000E+03
    1.40000000000000E+01     3.76700000000000E+03
    1.50000000000000E+01     3.92700000000000E+03
    1.60000000000000E+01     3.35700000000000E+03
    1.70000000000000E+01     3.48300000000000E+03
    1.80000000000000E+01     3.48700000000000E+03
    1.90000000000000E+01     3.64600000000000E+03
    2.00000000000000E+01     3.79100000000000E+03
    2.10000000000000E+01     3.93700000000000E+03
    2.20000000000000E+01     3.94100000000000E+03
    2.30000000000000E+01     4.01800000000000E+03
    2.40000000000000E+01     3.91300000000000E+03
    2.50000000000000E+01     3.82800000000000E+03
    2.60000000000000E+01     3.63200000000000E+03
    2.70000000000000E+01     3.89500000000000E+03
    2.80000000000000E+01     3.73700000000000E+03
    2.90000000000000E+01     3.95200000000000E+03
    3.00000000000000E+01     3.74500000000000E+03
    3.10000000000000E+01     3.84000000000000E+03
    3.20000000000000E+01     4.02900000000000E+03
    3.30000000000000E+01     4.03300000000000E+03
    3.40000000000000E+01     4.13800000000000E+03
    3.50000000000000E+01     4.03600000000000E+03
    3.60000000000000E+01     3.92100000000000E+03
    3.70000000000000E+01     3.85200000000000E+03
    3.80000000000000E+01     3.88800000000000E+03
    3.90000000000000E+01     3.91300000000000E+03
    4.00000000000000E+01     4.09700000000000E+03
    4.10000000000000E+01     4.17600000000000E+03
    4.20000000000000E+01     4.26200000000000E+03
    4.30000000000000E+01     4.07600000000000E+03
    4.40000000000000E+01     4.06800000000000E+03
    4.50000000000000E+01     3.99600000000000E+03
    4.60000000000000E+01     3.84900000000000E+03
    4.70000000000000E+01     3.70900000000000E+03
    4.80000000000000E+01     3.92500000000000E+03
    4.90000000000000E+01     3.79700000000000E+03
    5.00000000000000E+01     4.03800000000000E+03
    5.10000000000000E+01     4.03200000000000E+03
    5.20000000000000E+01     3.79100000000000E+03
    5.30000000000000E+01     3.67500000000000E+03
    5.40000000000000E+01     3.67500000000000E+03
    5.50000000000000E+01     3.79600000000000E+03
    5.60000000000000E+01     3.88400000000000E+03
    5.70000000000000E+01     3.76500000000000E+03
    5.80000000000000E+01     4.28200000000000E+03
    5.90000000000000E+01     4.09500000000000E+03
    6.00000000000000E+01     3.86500000000000E+03
    6.10000000000000E+01     3.96800000000000E+03
    6.20000000000000E+01     3.65200000000000E+03
    6.30000000000000E+01     3.71600000000000E+03
    6.40000000000000E+01     3.83600000000000E+03
    6.50000000000000E+01     4.09200000000000E+03
    6.60000000000000E+01     4.14200000000000E+03
    6.70000000000000E+01     4.18500000000000E+03
    6.80000000000000E+01     4.09200000000000E+03
    6.90000000000000E+01     4.11500000000000E+03
    7.00000000000000E+01     3.96100000000000E+03
    7.10000000000000E+01     4.06100000000000E+03
    7.20000000000000E+01     3.87100000000000E+03
    7.30000000000000E+01     4.20300000000000E+03
    7.40000000000000E+01     3.99600000000000E+03
    7.50000000000000E+01     3.88600000000000E+03
    7.60000000000000E+01     3.92100000000000E+03
    7.70000000000000E+01     3.73700000000000E+03
    7.80000000000000E+01     3.68200000000000E+03
    7.90000000000000E+01     4.05000000000000E+03
    8.00000000000000E+01     4.10600000000000E+03
    8.10000000000000E+01     4.16900000000000E+03
    8.20000000000000E+01     3.99200000000000E+03
    8.30000000000000E+01     3.98600000000000E+03
    8.40000000000000E+01     4.01600000000000E+03
    8.50000000000000E+01     3.77600000000000E+03
    8.60000000000000E+01     3.59400000000000E+03
    8.70000000000000E+01     3.88500000000000E+03
    8.80000000000000E+01     3.59300000000000E+03
    8.90000000000000E+01     3.89700000000000E+03
    9.00000000000000E+01     3.55500000000000E+03
    9.10000000000000E+01     3.60600000000000E+03
    9.20000000000000E+01     3.70700000000000E+03
    9.30000000000000E+01     3.93000000000000E+03
    9.40000000000000E+01     3.60900000000000E+03
    9.50000000000000E+01     3.59100000000000E+03
    9.60000000000000E+01     3.75500000000000E+03
    9.70000000000000E+01     3.95100000000000E+03
    9.80000000000000E+01     3.88400000000000E+03
    9.90000000000000E+01     3.96900000000000E+03
    1.00000000000000E+02     3.66700000000000E+03
    1.01000000000000E+02     3.60000000000000E+03
    1.02000000000000E+02     3.82500000000000E+03
    1.03000000000000E+02     3.87400000000000E+03
    1.04000000000000E+02     4.05400000000000E+03
    1.05000000000000E+02     4.24000000000000E+03
    1.06000000000000E+02     4.31200000000000E+03
    1.07000000000000E+02     4.35800000000000E+03
    1.08000000000000E+02     4.48300000000000E+03
    1.09000000000000E+02     4.26000000000000E+03
    1.10000000000000E+02     4.02700000000000E+03
    1.11000000000000E+02     3.87900000000000E+03
    1.12000000000000E+02     4.04300000000000E+03
    1.13000000000000E+02     3.77600000000000E+03
    1.14000000000000E+02     4.00200000000000E+03
    1.15000000000000E+02     4.10700000000000E+03
    1.16000000000000E+02     4.15000000000000E+03
    1.17000000000000E+02     4.21700000000000E+03
    1.18000000000000E+02     4.17200000000000E+03
    1.19000000000000E+02     4.04100000000000E+03
    1.20000000000000E+02     4.22600000000000E+03
    1.21000000000000E+02     4.28200000000000E+03
    1.22000000000000E+02     4.46500000000000E+03
    1.23000000000000E+02     4.35800000000000E+03
    1.24000000000000E+02     4.33800000000000E+03
    1.25000000000000E+02     4.72600000000000E+03
    1.26000000000000E+02     4.92200000000000E+03
    1.27000000000000E+02     4.90400000000000E+03
    1.28000000000000E+02     4.91600000000000E+03
    1.29000000000000E+02     4.80700000000000E+03
    1.30000000000000E+02     4.68500000000000E+03
    1.31000000000000E+02     4.46000000000000E+03
    1.32000000000000E+02     4.67800000000000E+03
    1.33000000000000E+02     4.50600000000000E+03
    1.34000000000000E+02     4.58000000000000E+03
    1.35000000000000E+02     4.44100000000000E+03
    1.36000000000000E+02     4.58500000000000E+03
    1.37000000000000E+02     4.29600000000000E+03
    1.38000000000000E+02     4.06500000000000E+03
    1.39000000000000E+02     4.08300000000000E+03
    1.40000000000000E+02     4.01700000000000E+03
    1.41000000000000E+02     3.72100000000000E+03
    1.42000000000000E+02     2.89200000000000E+03
    1.43000000000000E+02     3.29600000000000E+03
    1.44000000000000E+02     3.41400000000000E+03
    1.45000000000000E+02     3.36300000000000E+03
    1.46000000000000E+02     3.59400000000000E+03
    1.47000000000000E+02     3.86700000000000E+03
    1.48000000000000E+02     3.98300000000000E+03
    1.49000000000000E+02     3.74400000000000E+03
    1.50000000000000E+02     4.10300000000000E+03
    1.51000000000000E+02     4.02300000000000E+03
    1.52000000000000E+02     3.69700000000000E+03
    1.53000000000000E+02     3.69700000000000E+03
    1.54000000000000E+02     3.98600000000000E+03
    1.55000000000000E+02     3.51500000000000E+03
    1.56000000000000E+02     3.56800000000000E+03
    1.57000000000000E+02     3.75700000000000E+03
    1.58000000000000E+02     3.90400000000000E+03
    1.59000000000000E+02     4.16700000000000E+03
    1.60000000000000E+02     3.99600000000000E+03
    1.61000000000000E+02     3.83700000000000E+03
    1.62000000000000E+02     4.06500000000000E+03
    1.63000000000000E+02     3.93500000000000E+03
    1.64000000000000E+02     3.58400000000000E+03
    1.65000000000000E+02     3.55100000000000E+03
    1.66000000000000E+02     3.68900000000000E+03
    1.67000000000000E+02     3.80700000000000E+03
    1.68000000000000E+02     4.23800000000000E+03
    1.69000000000000E+02     4.16200000000000E+03
    1.70000000000000E+02     4.12800000000000E+03
    1.71000000000000E+02     4.14600000000000E+03
    1.72000000000000E+02     4.02100000000000E+03
    1.73000000000000E+02     3.89900000000000E+03
    1.74000000000000E+02     3.90100000000000E+03
    1.75000000000000E+02     4.02000000000000E+03
    1.76000000000000E+02     4.21700000000000E+03
    1.77000000000000E+02     3.93500000000000E+03
    1.78000000000000E+02     3.90800000000000E+03
    1.79000000000000E+02     4.23200000000000E+03
    1.80000000000000E+02     4.04000000000000E+03
    1.81000000000000E+02     4.10800000000000E+03
    1.82000000000000E+02     4.07400000000000E+03
    1.83000000000000E+02     4.12600000000000E+03
    1.84000000000000E+02     4.03200000000000E+03
    1.85000000000000E+02     3.83400000000000E+03
    1.86000000000000E+02     3.48300000000000E+03
    1.87000000000000E+02     3.51700000000000E+03
    1.88000000000000E+02     3.48800000000000E+03
    1.89000000000000E+02     3.43400000000000E+03
    1.90000000000000E+02     3.78400000000000E+03
    1.91000000000000E+02     3.77600000000000E+03
    1.92000000000000E+02     4.11300000000000E+03
    1.93000000000000E+02     4.12300000000000E+03
    1.94000000000000E+02     4.13400000000000E+03
    1.95000000000000E+02     4.34600000000000E+03
    1.96000000000000E+02     4.11500000000000E+03
    1.97000000000000E+02     4.22900000000000E+03
    1.98000000000000E+02     4.05700000000000E+03
    1.99000000000000E+02     3.92200000000000E+03
    2.00000000000000E+02     3.48200000000000E+03
    2.01000000000000E+02     3.14000000000000E+03
    2.02000000000000E+02     3.37000000000000E+03
    2.03000000000000E+02     3.59100000000000E+03
    2.04000000000000E+02     3.84400000000000E+03
    2.05000000000000E+02     4.02300000000000E+03
    2.06000000000000E+02     3.78500000000000E+03
    2.07000000000000E+02     3.74100000000000E+03
    2.08000000000000E+02     3.97400000000000E+03
    2.09000000000000E+02     3.72300000000000E+03
    2.10000000000000E+02     3.74500000000000E+03
    2.11000000000000E+02     3.81500000000000E+03
    2.12000000000000E+02     3.89200000000000E+03
    2.13000000000000E+02     3.67800000000000E+03
    2.14000000000000E+02     3.73500000000000E+03
    2.15000000000000E+02     3.91700000000000E+03
    2.16000000000000E+02     3.72900000000000E+03
    2.17000000000000E+02     3.98600000000000E+03
    2.18000000000000E+02     3.80400000000000E+03
    2.19000000000000E+02     3.92300000000000E+03
    2.20000000000000E+02     3.88000000000000E+03
    2.21000000000000E+02     4.25700000000000E+03
    2.22000000000000E+02     4.26600000000000E+03
    2.23000000000000E+02     4.10900000000000E+03
    2.24000000000000E+02     4.08500000000000E+03
    2.25000000000000E+02     4.17500000000000E+03
    2.26000000000000E+02     3.94100000000000E+03
    2.27000000000000E+02     4.09400000000000E+03
    2.28000000000000E+02     3.88600000000000E+03
    2.29000000000000E+02     4.02000000000000E+03
    2.30000000000000E+02     3.75400000000000E+03
    2.31000000000000E+02     4.05400000000000E+03
    2.32000000000000E+02     4.02300000000000E+03
    2.33000000000000E+02     3.75700000000000E+03
    2.34000000000000E+02     3.83300000000000E+03
    2.35000000000000E+02     3.97200000000000E+03
    2.36000000000000E+02     3.98200000000000E+03
    2.37000000000000E+02     3.95400000000000E+03
    2.38000000000000E+02     3.99700000000000E+03
    2.39000000000000E+02     4.25700000000000E+03
    2.40000000000000E+02     4.23500000000000E+03
    2.41000000000000E+02     4.24700000000000E+03
    2.42000000000000E+02     4.23300000000000E+03
    2.43000000000000E+02     4.19500000000000E+03
    2.44000000000000E+02     4.31800000000000E+03
    2.45000000000000E+02     4.21500000000000E+03
    2.46000000000000E+02     4.25900000000000E+03
    2.47000000000000E+02     4.15000000000000E+03
    2.48000000000000E+02     4.21100000000000E+03
    2.49000000000000E+02     4.23400000000000E+03
    2.50000000000000E+02     4.58700000000000E+03
    2.51000000000000E+02     4.45700000000000E+03
    2.52000000000000E+02     4.48800000000000E+03
    2.53000000000000E+02     4.30200000000000E+03
    2.54000000000000E+02     4.06600000000000E+03
    2.55000000000000E+02     4.18200000000000E+03
    2.56000000000000E+02     4.16900000000000E+03
    2.57000000000000E+02     3.99300000000000E+03
    2.58000000000000E+02     3.96900000000000E+03
    2.59000000000000E+02     3.94200000000000E+03
    2.60000000000000E+02     3.85400000000000E+03
    2.61000000000000E+02     3.69500000000000E+03
    2.62000000000000E+02     4.29600000000000E+03
    2.63000000000000E+02     3.71500000000000E+03
    2.64000000000000E+02     4.91600000000000E+03
    2.65000000000000E+02     4.04500000000000E+03
    2.66000000000000E+02     3.75900000000000E+03
    2.67000000000000E+02     4.73800000000000E+03
    2.68000000000000E+02     4.06900000000000E+03
    2.69000000000000E+02     3.86900000000000E+03
    2.70000000000000E+02     4.48800000000000E+03
    2.71000000000000E+02     4.16500000000000E+03
    2.72000000000000E+02     4.06900000000000E+03
    2.73000000000000E+02     3.97200000000000E+03
    2.74000000000000E+02     3.90600000000000E+03
    2.75000000000000E+02     3.71100000000000E+03
    2.76000000000000E+02     4.55100000000000E+03
    2.77000000000000E+02     3.07000000000000E+03
    2.78000000000000E+02     4.98600000000000E+03
    2.79000000000000E+02     3.04100000000000E+03
