    1.00000000000000E+00     3.35600000000000E+03
    2.00000000000000E+00     3.87300000000000E+03
    3.00000000000000E+00     3.98300000000000E+03
    4.00000000000000E+00     3.85400000000000E+03
    5.00000000000000E+00     3.83200000000000E+03
    6.00000000000000E+00     4.02200000000000E+03
    7.00000000000000E+00     4.10100000000000E+03
    8.00000000000000E+00     4.01200000000000E+03
    9.00000000000000E+00     4.07200000000000E+03
    1.00000000000000E+01     3.90400000000000E+03
    1.10000000000000E+01     3.75100000000000E+03
    1.20000000000000E+01     3.79100000000000E+03
    1.30000000000000E+01     4.18100000000000E+03
    1.40000000000000E+01     4.01700000000000E+03
    1.50000000000000E+01     3.95400000000000E+03
    1.60000000000000E+01     3.90200000000000E+03
    1.70000000000000E+01     4.25700000000000E+03
    1.80000000000000E+01     4.19800000000000E+03
    1.90000000000000E+01     4.16600000000000E+03
    2.00000000000000E+01     4.12000000000000E+03
    2.10000000000000E+01     4.51500000000000E+03
    2.20000000000000E+01     4.61800000000000E+03
    2.30000000000000E+01     4.60900000000000E+03
    2.40000000000000E+01     4.43400000000000E+03
    2.50000000000000E+01     4.80800000000000E+03
    2.60000000000000E+01     4.71300000000000E+03
    2.70000000000000E+01     4.73300000000000E+03
    2.80000000000000E+01     4.57400000000000E+03
    2.90000000000000E+01     4.79000000000000E+03
    3.00000000000000E+01     4.95700000000000E+03
    3.10000000000000E+01     4.97700000000000E+03
    3.20000000000000E+01     4.79500000000000E+03
    3.30000000000000E+01     4.53600000000000E+03
    3.40000000000000E+01     4.56700000000000E+03
    3.50000000000000E+01     4.51700000000000E+03
    3.60000000000000E+01     4.35900000000000E+03
    3.70000000000000E+01     4.56900000000000E+03
    3.80000000000000E+01     4.43500000000000E+03
    3.90000000000000E+01     4.51400000000000E+03
    4.00000000000000E+01     4.40200000000000E+03
    4.10000000000000E+01     4.45500000000000E+03
    4.20000000000000E+01     4.28700000000000E+03
    4.30000000000000E+01     4.17500000000000E+03
    4.40000000000000E+01     3.95900000000000E+03
    4.50000000000000E+01     3.80900000000000E+03
    4.60000000000000E+01     3.23100000000000E+03
    4.70000000000000E+01     3.33300000000000E+03
    4.80000000000000E+01     3.49100000000000E+03
    4.90000000000000E+01     3.72800000000000E+03
    5.00000000000000E+01     3.92000000000000E+03
    5.10000000000000E+01     3.81400000000000E+03
    5.20000000000000E+01     3.81600000000000E+03
    5.30000000000000E+01     4.01200000000000E+03
    5.40000000000000E+01     3.70200000000000E+03
    5.50000000000000E+01     3.89800000000000E+03
    5.60000000000000E+01     3.47500000000000E+03
    5.70000000000000E+01     3.34600000000000E+03
    5.80000000000000E+01     3.71100000000000E+03
    5.90000000000000E+01     3.69000000000000E+03
    6.00000000000000E+01     3.98900000000000E+03
    6.10000000000000E+01     3.78200000000000E+03
    6.20000000000000E+01     4.12000000000000E+03
    6.30000000000000E+01     4.07700000000000E+03
    6.40000000000000E+01     4.13900000000000E+03
    6.50000000000000E+01     3.98300000000000E+03
    6.60000000000000E+01     3.90600000000000E+03
    6.70000000000000E+01     4.11100000000000E+03
    6.80000000000000E+01     4.17400000000000E+03
    6.90000000000000E+01     4.19400000000000E+03
    7.00000000000000E+01     4.11400000000000E+03
    7.10000000000000E+01     3.97700000000000E+03
    7.20000000000000E+01     4.12200000000000E+03
    7.30000000000000E+01     4.24100000000000E+03
    7.40000000000000E+01     4.13900000000000E+03
    7.50000000000000E+01     4.21300000000000E+03
    7.60000000000000E+01     4.01000000000000E+03
    7.70000000000000E+01     4.15200000000000E+03
    7.80000000000000E+01     4.01000000000000E+03
    7.90000000000000E+01     3.86700000000000E+03
    8.00000000000000E+01     3.66500000000000E+03
    8.10000000000000E+01     3.63600000000000E+03
    8.20000000000000E+01     3.84100000000000E+03
    8.30000000000000E+01     3.96700000000000E+03
    8.40000000000000E+01     3.79200000000000E+03
    8.50000000000000E+01     3.80800000000000E+03
    8.60000000000000E+01     3.89700000000000E+03
    8.70000000000000E+01     3.68200000000000E+03
    8.80000000000000E+01     3.61200000000000E+03
    8.90000000000000E+01     3.81700000000000E+03
    9.00000000000000E+01     3.90700000000000E+03
    9.10000000000000E+01     3.67900000000000E+03
    9.20000000000000E+01     3.69100000000000E+03
    9.30000000000000E+01     3.73600000000000E+03
    9.40000000000000E+01     3.91600000000000E+03
    9.50000000000000E+01     3.63500000000000E+03
    9.60000000000000E+01     3.77100000000000E+03
    9.70000000000000E+01     4.21800000000000E+03
    9.80000000000000E+01     4.14600000000000E+03
    9.90000000000000E+01     4.24900000000000E+03
    1.00000000000000E+02     4.17800000000000E+03
    1.01000000000000E+02     3.99200000000000E+03
    1.02000000000000E+02     3.98900000000000E+03
    1.03000000000000E+02     3.96500000000000E+03
    1.04000000000000E+02     4.13400000000000E+03
    1.05000000000000E+02     4.31200000000000E+03
    1.06000000000000E+02     4.17300000000000E+03
    1.07000000000000E+02     4.12900000000000E+03
    1.08000000000000E+02     4.04200000000000E+03
    1.09000000000000E+02     3.93100000000000E+03
    1.10000000000000E+02     4.19100000000000E+03
    1.11000000000000E+02     4.03300000000000E+03
    1.12000000000000E+02     3.98100000000000E+03
    1.13000000000000E+02     4.13500000000000E+03
    1.14000000000000E+02     3.94200000000000E+03
    1.15000000000000E+02     4.02900000000000E+03
    1.16000000000000E+02     3.89700000000000E+03
    1.17000000000000E+02     3.67900000000000E+03
    1.18000000000000E+02     3.32100000000000E+03
    1.19000000000000E+02     3.53500000000000E+03
    1.20000000000000E+02     3.83900000000000E+03
    1.21000000000000E+02     4.13400000000000E+03
    1.22000000000000E+02     4.06600000000000E+03
    1.23000000000000E+02     3.96200000000000E+03
    1.24000000000000E+02     3.94500000000000E+03
    1.25000000000000E+02     4.14000000000000E+03
    1.26000000000000E+02     4.10800000000000E+03
    1.27000000000000E+02     4.05300000000000E+03
    1.28000000000000E+02     3.90200000000000E+03
    1.29000000000000E+02     4.14200000000000E+03
    1.30000000000000E+02     4.07900000000000E+03
    1.31000000000000E+02     4.07400000000000E+03
    1.32000000000000E+02     4.16500000000000E+03
    1.33000000000000E+02     4.08400000000000E+03
    1.34000000000000E+02     3.92100000000000E+03
    1.35000000000000E+02     4.13600000000000E+03
    1.36000000000000E+02     4.34000000000000E+03
    1.37000000000000E+02     4.22800000000000E+03
    1.38000000000000E+02     4.15100000000000E+03
    1.39000000000000E+02     4.43500000000000E+03
    1.40000000000000E+02     4.20800000000000E+03
    1.41000000000000E+02     4.04100000000000E+03
    1.42000000000000E+02     3.97700000000000E+03
    1.43000000000000E+02     3.85400000000000E+03
    1.44000000000000E+02     3.01100000000000E+03
    1.45000000000000E+02     3.01200000000000E+03
    1.46000000000000E+02     3.19900000000000E+03
    1.47000000000000E+02     3.39500000000000E+03
    1.48000000000000E+02     3.70900000000000E+03
    1.49000000000000E+02     4.11800000000000E+03
    1.50000000000000E+02     4.23600000000000E+03
    1.51000000000000E+02     4.19500000000000E+03
    1.52000000000000E+02     4.20900000000000E+03
    1.53000000000000E+02     3.98600000000000E+03
    1.54000000000000E+02     3.94200000000000E+03
    1.55000000000000E+02     4.19500000000000E+03
    1.56000000000000E+02     4.32600000000000E+03
    1.57000000000000E+02     4.41500000000000E+03
    1.58000000000000E+02     4.18500000000000E+03
    1.59000000000000E+02     4.16400000000000E+03
    1.60000000000000E+02     3.95600000000000E+03
    1.61000000000000E+02     3.81600000000000E+03
    1.62000000000000E+02     3.65700000000000E+03
    1.63000000000000E+02     3.67900000000000E+03
    1.64000000000000E+02     4.00100000000000E+03
    1.65000000000000E+02     4.09300000000000E+03
    1.66000000000000E+02     3.93300000000000E+03
    1.67000000000000E+02     3.82200000000000E+03
    1.68000000000000E+02     3.92500000000000E+03
    1.69000000000000E+02     3.65900000000000E+03
    1.70000000000000E+02     3.68200000000000E+03
    1.71000000000000E+02     3.80300000000000E+03
    1.72000000000000E+02     3.86700000000000E+03
    1.73000000000000E+02     4.18500000000000E+03
    1.74000000000000E+02     4.13000000000000E+03
    1.75000000000000E+02     3.87300000000000E+03
    1.76000000000000E+02     4.10000000000000E+03
    1.77000000000000E+02     4.30600000000000E+03
    1.78000000000000E+02     4.12800000000000E+03
    1.79000000000000E+02     4.20900000000000E+03
    1.80000000000000E+02     4.08700000000000E+03
    1.81000000000000E+02     4.06400000000000E+03
    1.82000000000000E+02     3.97200000000000E+03
    1.83000000000000E+02     3.54100000000000E+03
    1.84000000000000E+02     3.10800000000000E+03
    1.85000000000000E+02     3.39800000000000E+03
    1.86000000000000E+02     3.64400000000000E+03
    1.87000000000000E+02     3.81100000000000E+03
    1.88000000000000E+02     4.10800000000000E+03
    1.89000000000000E+02     4.14400000000000E+03
    1.90000000000000E+02     4.19000000000000E+03
    1.91000000000000E+02     4.19100000000000E+03
    1.92000000000000E+02     4.29300000000000E+03
    1.93000000000000E+02     4.38800000000000E+03
    1.94000000000000E+02     4.27900000000000E+03
    1.95000000000000E+02     4.48000000000000E+03
    1.96000000000000E+02     4.79900000000000E+03
    1.97000000000000E+02     4.75300000000000E+03
    1.98000000000000E+02     4.73500000000000E+03
    1.99000000000000E+02     4.75900000000000E+03
    2.00000000000000E+02     4.94300000000000E+03
    2.01000000000000E+02     4.90100000000000E+03
    2.02000000000000E+02     5.13500000000000E+03
    2.03000000000000E+02     5.34500000000000E+03
    2.04000000000000E+02     5.29700000000000E+03
    2.05000000000000E+02     5.12700000000000E+03
    2.06000000000000E+02     5.07000000000000E+03
    2.07000000000000E+02     5.15600000000000E+03
    2.08000000000000E+02     5.12900000000000E+03
    2.09000000000000E+02     5.11600000000000E+03
    2.10000000000000E+02     5.44000000000000E+03
    2.11000000000000E+02     5.69200000000000E+03
    2.12000000000000E+02     5.61800000000000E+03
    2.13000000000000E+02     5.76600000000000E+03
    2.14000000000000E+02     5.98800000000000E+03
    2.15000000000000E+02     5.96800000000000E+03
    2.16000000000000E+02     6.18700000000000E+03
    2.17000000000000E+02     6.45800000000000E+03
    2.18000000000000E+02     6.72800000000000E+03
    2.19000000000000E+02     6.63900000000000E+03
    2.20000000000000E+02     6.67200000000000E+03
    2.21000000000000E+02     7.12100000000000E+03
    2.22000000000000E+02     7.15500000000000E+03
    2.23000000000000E+02     7.64400000000000E+03
    2.24000000000000E+02     7.70100000000000E+03
    2.25000000000000E+02     8.40100000000000E+03
    2.26000000000000E+02     8.61600000000000E+03
    2.27000000000000E+02     9.10400000000000E+03
    2.28000000000000E+02     9.54100000000000E+03
    2.29000000000000E+02     1.03190000000000E+04
    2.30000000000000E+02     1.11290000000000E+04
    2.31000000000000E+02     1.18390000000000E+04
    2.32000000000000E+02     1.26750000000000E+04
    2.33000000000000E+02     1.35690000000000E+04
    2.34000000000000E+02     1.45410000000000E+04
    2.35000000000000E+02     1.54520000000000E+04
    2.36000000000000E+02     1.69470000000000E+04
    2.37000000000000E+02     1.86390000000000E+04
    2.38000000000000E+02     2.03640000000000E+04
