    1.00000000000000E+00     1.08200000000000E+03
    2.00000000000000E+00     1.14800000000000E+03
    3.00000000000000E+00     1.28800000000000E+03
    4.00000000000000E+00     1.31400000000000E+03
    5.00000000000000E+00     1.15900000000000E+03
    6.00000000000000E+00     1.13600000000000E+03
    7.00000000000000E+00     1.23000000000000E+03
    8.00000000000000E+00     1.33000000000000E+03
    9.00000000000000E+00     1.21400000000000E+03
    1.00000000000000E+01     1.08100000000000E+03
    1.10000000000000E+01     1.10000000000000E+03
    1.20000000000000E+01     1.08600000000000E+03
    1.30000000000000E+01     1.14300000000000E+03
    1.40000000000000E+01     1.28500000000000E+03
    1.50000000000000E+01     1.13200000000000E+03
    1.60000000000000E+01     1.25400000000000E+03
    1.70000000000000E+01     1.25400000000000E+03
    1.80000000000000E+01     1.12000000000000E+03
    1.90000000000000E+01     1.33200000000000E+03
    2.00000000000000E+01     1.01200000000000E+03
    2.10000000000000E+01     1.10100000000000E+03
    2.20000000000000E+01     1.27800000000000E+03
    2.30000000000000E+01     1.05200000000000E+03
    2.40000000000000E+01     1.08200000000000E+03
    2.50000000000000E+01     1.14100000000000E+03
    2.60000000000000E+01     1.17400000000000E+03
    2.70000000000000E+01     1.23500000000000E+03
    2.80000000000000E+01     1.20200000000000E+03
    2.90000000000000E+01     1.20400000000000E+03
    3.00000000000000E+01     1.00800000000000E+03
    3.10000000000000E+01     1.01500000000000E+03
    3.20000000000000E+01     1.03500000000000E+03
    3.30000000000000E+01     1.13700000000000E+03
    3.40000000000000E+01     1.19700000000000E+03
    3.50000000000000E+01     1.13500000000000E+03
    3.60000000000000E+01     1.28100000000000E+03
    3.70000000000000E+01     1.29100000000000E+03
    3.80000000000000E+01     1.36400000000000E+03
    3.90000000000000E+01     1.30800000000000E+03
    4.00000000000000E+01     1.04700000000000E+03
    4.10000000000000E+01     1.10700000000000E+03
    4.20000000000000E+01     1.09300000000000E+03
    4.30000000000000E+01     1.17600000000000E+03
    4.40000000000000E+01     1.23600000000000E+03
    4.50000000000000E+01     1.25500000000000E+03
    4.60000000000000E+01     1.16200000000000E+03
    4.70000000000000E+01     1.10100000000000E+03
    4.80000000000000E+01     1.15500000000000E+03
    4.90000000000000E+01     1.27500000000000E+03
    5.00000000000000E+01     1.18300000000000E+03
    5.10000000000000E+01     1.28600000000000E+03
    5.20000000000000E+01     1.38000000000000E+03
    5.30000000000000E+01     1.44600000000000E+03
    5.40000000000000E+01     1.40100000000000E+03
    5.50000000000000E+01     1.43900000000000E+03
    5.60000000000000E+01     1.51000000000000E+03
    5.70000000000000E+01     1.66000000000000E+03
    5.80000000000000E+01     1.84900000000000E+03
    5.90000000000000E+01     1.69800000000000E+03
    6.00000000000000E+01     1.69200000000000E+03
    6.10000000000000E+01     1.81800000000000E+03
    6.20000000000000E+01     1.85500000000000E+03
    6.30000000000000E+01     1.89000000000000E+03
    6.40000000000000E+01     1.88900000000000E+03
    6.50000000000000E+01     1.72800000000000E+03
    6.60000000000000E+01     1.78000000000000E+03
    6.70000000000000E+01     1.60600000000000E+03
    6.80000000000000E+01     1.69100000000000E+03
    6.90000000000000E+01     1.74000000000000E+03
    7.00000000000000E+01     1.64800000000000E+03
    7.10000000000000E+01     1.67000000000000E+03
    7.20000000000000E+01     1.64000000000000E+03
    7.30000000000000E+01     1.62600000000000E+03
    7.40000000000000E+01     1.71500000000000E+03
    7.50000000000000E+01     1.80700000000000E+03
    7.60000000000000E+01     1.82400000000000E+03
    7.70000000000000E+01     1.91700000000000E+03
    7.80000000000000E+01     1.91600000000000E+03
    7.90000000000000E+01     2.06800000000000E+03
    8.00000000000000E+01     2.23900000000000E+03
    8.10000000000000E+01     2.20200000000000E+03
    8.20000000000000E+01     2.32600000000000E+03
    8.30000000000000E+01     2.17900000000000E+03
    8.40000000000000E+01     2.36100000000000E+03
    8.50000000000000E+01     2.46800000000000E+03
    8.60000000000000E+01     2.38200000000000E+03
    8.70000000000000E+01     2.51600000000000E+03
    8.80000000000000E+01     2.66300000000000E+03
    8.90000000000000E+01     2.89500000000000E+03
    9.00000000000000E+01     3.34300000000000E+03
    9.10000000000000E+01     3.27900000000000E+03
    9.20000000000000E+01     3.32200000000000E+03
    9.30000000000000E+01     3.58200000000000E+03
    9.40000000000000E+01     3.87000000000000E+03
    9.50000000000000E+01     4.16300000000000E+03
    9.60000000000000E+01     4.26600000000000E+03
    9.70000000000000E+01     4.57300000000000E+03
    9.80000000000000E+01     4.93300000000000E+03
    9.90000000000000E+01     4.95400000000000E+03
    1.00000000000000E+02     5.29300000000000E+03
    1.01000000000000E+02     5.77400000000000E+03
    1.02000000000000E+02     6.27900000000000E+03
