    1.00000000000000E+00     1.23100000000000E+03
    2.00000000000000E+00     1.18700000000000E+03
    3.00000000000000E+00     1.12700000000000E+03
    4.00000000000000E+00     1.29200000000000E+03
    5.00000000000000E+00     1.19800000000000E+03
    6.00000000000000E+00     1.37300000000000E+03
    7.00000000000000E+00     1.33200000000000E+03
    8.00000000000000E+00     1.50600000000000E+03
    9.00000000000000E+00     1.52400000000000E+03
    1.00000000000000E+01     1.43600000000000E+03
    1.10000000000000E+01     1.33400000000000E+03
    1.20000000000000E+01     1.36800000000000E+03
    1.30000000000000E+01     1.45400000000000E+03
    1.40000000000000E+01     1.29600000000000E+03
    1.50000000000000E+01     1.22100000000000E+03
    1.60000000000000E+01     1.02900000000000E+03
    1.70000000000000E+01     8.02000000000000E+02
    1.80000000000000E+01     9.50000000000000E+02
    1.90000000000000E+01     1.03300000000000E+03
    2.00000000000000E+01     1.14700000000000E+03
    2.10000000000000E+01     1.08500000000000E+03
    2.20000000000000E+01     1.24200000000000E+03
    2.30000000000000E+01     1.16400000000000E+03
    2.40000000000000E+01     1.25900000000000E+03
    2.50000000000000E+01     1.27700000000000E+03
    2.60000000000000E+01     1.24600000000000E+03
    2.70000000000000E+01     1.24600000000000E+03
    2.80000000000000E+01     1.18000000000000E+03
    2.90000000000000E+01     1.18800000000000E+03
    3.00000000000000E+01     1.15100000000000E+03
    3.10000000000000E+01     1.17700000000000E+03
    3.20000000000000E+01     1.10400000000000E+03
    3.30000000000000E+01     1.23200000000000E+03
    3.40000000000000E+01     1.07600000000000E+03
    3.50000000000000E+01     1.12200000000000E+03
    3.60000000000000E+01     1.10900000000000E+03
    3.70000000000000E+01     1.19200000000000E+03
    3.80000000000000E+01     1.13400000000000E+03
    3.90000000000000E+01     1.29200000000000E+03
    4.00000000000000E+01     1.14700000000000E+03
    4.10000000000000E+01     1.10000000000000E+03
    4.20000000000000E+01     1.20000000000000E+03
    4.30000000000000E+01     1.07600000000000E+03
    4.40000000000000E+01     1.12700000000000E+03
    4.50000000000000E+01     1.10000000000000E+03
    4.60000000000000E+01     1.28000000000000E+03
    4.70000000000000E+01     1.18700000000000E+03
    4.80000000000000E+01     1.35400000000000E+03
    4.90000000000000E+01     1.34700000000000E+03
    5.00000000000000E+01     1.30000000000000E+03
    5.10000000000000E+01     1.27600000000000E+03
    5.20000000000000E+01     1.43200000000000E+03
    5.30000000000000E+01     1.54900000000000E+03
    5.40000000000000E+01     1.52600000000000E+03
    5.50000000000000E+01     1.59900000000000E+03
    5.60000000000000E+01     1.93700000000000E+03
    5.70000000000000E+01     2.12000000000000E+03
    5.80000000000000E+01     2.05700000000000E+03
    5.90000000000000E+01     2.36200000000000E+03
    6.00000000000000E+01     2.36600000000000E+03
    6.10000000000000E+01     2.40600000000000E+03
    6.20000000000000E+01     2.48400000000000E+03
    6.30000000000000E+01     2.44300000000000E+03
    6.40000000000000E+01     2.61200000000000E+03
    6.50000000000000E+01     3.04900000000000E+03
    6.60000000000000E+01     3.16900000000000E+03
    6.70000000000000E+01     3.30000000000000E+03
    6.80000000000000E+01     3.41900000000000E+03
    6.90000000000000E+01     3.85400000000000E+03
    7.00000000000000E+01     4.02300000000000E+03
    7.10000000000000E+01     3.97200000000000E+03
    7.20000000000000E+01     3.95700000000000E+03
    7.30000000000000E+01     4.36100000000000E+03
    7.40000000000000E+01     4.76600000000000E+03
    7.50000000000000E+01     5.06200000000000E+03
    7.60000000000000E+01     5.59200000000000E+03
    7.70000000000000E+01     6.10500000000000E+03
