    1.00000000000000E+00     7.82000000000000E+02
    2.00000000000000E+00     8.24000000000000E+02
    3.00000000000000E+00     8.25000000000000E+02
    4.00000000000000E+00     8.49000000000000E+02
    5.00000000000000E+00     8.01000000000000E+02
    6.00000000000000E+00     8.73000000000000E+02
    7.00000000000000E+00     8.96000000000000E+02
    8.00000000000000E+00     9.21000000000000E+02
    9.00000000000000E+00     9.31000000000000E+02
    1.00000000000000E+01     9.03000000000000E+02
    1.10000000000000E+01     9.03000000000000E+02
    1.20000000000000E+01     9.13000000000000E+02
    1.30000000000000E+01     9.41000000000000E+02
    1.40000000000000E+01     9.32000000000000E+02
    1.50000000000000E+01     9.16000000000000E+02
    1.60000000000000E+01     9.10000000000000E+02
    1.70000000000000E+01     8.96000000000000E+02
    1.80000000000000E+01     9.39000000000000E+02
    1.90000000000000E+01     9.54000000000000E+02
    2.00000000000000E+01     9.51000000000000E+02
    2.10000000000000E+01     9.09000000000000E+02
    2.20000000000000E+01     8.72000000000000E+02
    2.30000000000000E+01     9.72000000000000E+02
    2.40000000000000E+01     1.10400000000000E+03
    2.50000000000000E+01     1.26000000000000E+03
    2.60000000000000E+01     1.19500000000000E+03
    2.70000000000000E+01     1.30800000000000E+03
    2.80000000000000E+01     1.23400000000000E+03
    2.90000000000000E+01     1.31400000000000E+03
    3.00000000000000E+01     1.17500000000000E+03
    3.10000000000000E+01     1.08500000000000E+03
    3.20000000000000E+01     1.04400000000000E+03
    3.30000000000000E+01     1.09000000000000E+03
    3.40000000000000E+01     1.18800000000000E+03
    3.50000000000000E+01     1.14300000000000E+03
    3.60000000000000E+01     1.14000000000000E+03
    3.70000000000000E+01     1.22300000000000E+03
    3.80000000000000E+01     1.22600000000000E+03
    3.90000000000000E+01     1.39700000000000E+03
    4.00000000000000E+01     1.34100000000000E+03
    4.10000000000000E+01     1.33500000000000E+03
    4.20000000000000E+01     1.31900000000000E+03
    4.30000000000000E+01     1.26500000000000E+03
    4.40000000000000E+01     1.25300000000000E+03
    4.50000000000000E+01     1.24500000000000E+03
    4.60000000000000E+01     1.07600000000000E+03
    4.70000000000000E+01     6.68000000000000E+02
    4.80000000000000E+01     7.45000000000000E+02
    4.90000000000000E+01     8.82000000000000E+02
    5.00000000000000E+01     8.34000000000000E+02
    5.10000000000000E+01     8.06000000000000E+02
    5.20000000000000E+01     8.14000000000000E+02
    5.30000000000000E+01     9.01000000000000E+02
    5.40000000000000E+01     9.67000000000000E+02
    5.50000000000000E+01     9.30000000000000E+02
    5.60000000000000E+01     8.86000000000000E+02
    5.70000000000000E+01     9.03000000000000E+02
    5.80000000000000E+01     9.03000000000000E+02
    5.90000000000000E+01     9.69000000000000E+02
    6.00000000000000E+01     9.26000000000000E+02
    6.10000000000000E+01     8.47000000000000E+02
    6.20000000000000E+01     9.01000000000000E+02
    6.30000000000000E+01     9.50000000000000E+02
    6.40000000000000E+01     9.50000000000000E+02
    6.50000000000000E+01     9.44000000000000E+02
    6.60000000000000E+01     9.16000000000000E+02
    6.70000000000000E+01     9.48000000000000E+02
    6.80000000000000E+01     9.62000000000000E+02
    6.90000000000000E+01     1.01400000000000E+03
    7.00000000000000E+01     9.94000000000000E+02
    7.10000000000000E+01     9.21000000000000E+02
    7.20000000000000E+01     9.20000000000000E+02
    7.30000000000000E+01     9.16000000000000E+02
    7.40000000000000E+01     9.82000000000000E+02
    7.50000000000000E+01     1.06400000000000E+03
    7.60000000000000E+01     1.06500000000000E+03
    7.70000000000000E+01     1.08400000000000E+03
    7.80000000000000E+01     1.03200000000000E+03
    7.90000000000000E+01     9.63000000000000E+02
    8.00000000000000E+01     9.00000000000000E+02
    8.10000000000000E+01     8.96000000000000E+02
    8.20000000000000E+01     9.08000000000000E+02
    8.30000000000000E+01     8.97000000000000E+02
    8.40000000000000E+01     9.73000000000000E+02
    8.50000000000000E+01     9.91000000000000E+02
    8.60000000000000E+01     1.01500000000000E+03
    8.70000000000000E+01     9.84000000000000E+02
    8.80000000000000E+01     1.00700000000000E+03
    8.90000000000000E+01     1.01100000000000E+03
    9.00000000000000E+01     1.05600000000000E+03
    9.10000000000000E+01     9.37000000000000E+02
    9.20000000000000E+01     8.96000000000000E+02
    9.30000000000000E+01     1.00000000000000E+03
    9.40000000000000E+01     1.03300000000000E+03
    9.50000000000000E+01     1.07200000000000E+03
    9.60000000000000E+01     1.11500000000000E+03
    9.70000000000000E+01     1.18000000000000E+03
    9.80000000000000E+01     1.15800000000000E+03
    9.90000000000000E+01     1.26300000000000E+03
    1.00000000000000E+02     1.18100000000000E+03
    1.01000000000000E+02     1.18300000000000E+03
    1.02000000000000E+02     1.24000000000000E+03
    1.03000000000000E+02     1.45700000000000E+03
    1.04000000000000E+02     1.46100000000000E+03
    1.05000000000000E+02     1.66000000000000E+03
    1.06000000000000E+02     1.61500000000000E+03
    1.07000000000000E+02     1.65900000000000E+03
    1.08000000000000E+02     1.65700000000000E+03
    1.09000000000000E+02     1.53700000000000E+03
    1.10000000000000E+02     1.44700000000000E+03
    1.11000000000000E+02     1.32100000000000E+03
    1.12000000000000E+02     1.10100000000000E+03
    1.13000000000000E+02     7.85000000000000E+02
    1.14000000000000E+02     7.55000000000000E+02
    1.15000000000000E+02     7.74000000000000E+02
    1.16000000000000E+02     8.06000000000000E+02
    1.17000000000000E+02     8.01000000000000E+02
    1.18000000000000E+02     8.89000000000000E+02
    1.19000000000000E+02     8.70000000000000E+02
    1.20000000000000E+02     8.63000000000000E+02
    1.21000000000000E+02     7.95000000000000E+02
    1.22000000000000E+02     8.74000000000000E+02
    1.23000000000000E+02     8.17000000000000E+02
    1.24000000000000E+02     8.72000000000000E+02
    1.25000000000000E+02     9.16000000000000E+02
    1.26000000000000E+02     9.46000000000000E+02
    1.27000000000000E+02     9.30000000000000E+02
    1.28000000000000E+02     9.07000000000000E+02
    1.29000000000000E+02     1.03200000000000E+03
    1.30000000000000E+02     1.13900000000000E+03
    1.31000000000000E+02     1.25300000000000E+03
    1.32000000000000E+02     1.10800000000000E+03
    1.33000000000000E+02     1.03700000000000E+03
    1.34000000000000E+02     9.95000000000000E+02
    1.35000000000000E+02     9.81000000000000E+02
    1.36000000000000E+02     9.88000000000000E+02
    1.37000000000000E+02     9.36000000000000E+02
    1.38000000000000E+02     9.28000000000000E+02
    1.39000000000000E+02     9.82000000000000E+02
    1.40000000000000E+02     8.70000000000000E+02
    1.41000000000000E+02     9.36000000000000E+02
    1.42000000000000E+02     9.01000000000000E+02
    1.43000000000000E+02     8.71000000000000E+02
    1.44000000000000E+02     9.15000000000000E+02
    1.45000000000000E+02     1.02000000000000E+03
    1.46000000000000E+02     1.13000000000000E+03
    1.47000000000000E+02     1.14100000000000E+03
    1.48000000000000E+02     1.06600000000000E+03
    1.49000000000000E+02     1.03300000000000E+03
    1.50000000000000E+02     1.04500000000000E+03
    1.51000000000000E+02     1.06900000000000E+03
    1.52000000000000E+02     1.14000000000000E+03
    1.53000000000000E+02     1.16500000000000E+03
    1.54000000000000E+02     1.30900000000000E+03
    1.55000000000000E+02     1.38400000000000E+03
    1.56000000000000E+02     1.18500000000000E+03
    1.57000000000000E+02     1.27100000000000E+03
    1.58000000000000E+02     1.10400000000000E+03
    1.59000000000000E+02     1.07100000000000E+03
    1.60000000000000E+02     1.00400000000000E+03
    1.61000000000000E+02     9.82000000000000E+02
    1.62000000000000E+02     1.06000000000000E+03
    1.63000000000000E+02     1.04500000000000E+03
    1.64000000000000E+02     1.09000000000000E+03
    1.65000000000000E+02     1.09600000000000E+03
    1.66000000000000E+02     1.07000000000000E+03
    1.67000000000000E+02     1.07800000000000E+03
    1.68000000000000E+02     1.02100000000000E+03
    1.69000000000000E+02     1.12500000000000E+03
    1.70000000000000E+02     1.19600000000000E+03
    1.71000000000000E+02     1.05300000000000E+03
    1.72000000000000E+02     1.01800000000000E+03
    1.73000000000000E+02     1.04300000000000E+03
    1.74000000000000E+02     1.00700000000000E+03
    1.75000000000000E+02     1.11400000000000E+03
    1.76000000000000E+02     1.11400000000000E+03
    1.77000000000000E+02     1.11000000000000E+03
    1.78000000000000E+02     1.21100000000000E+03
    1.79000000000000E+02     9.53000000000000E+02
    1.80000000000000E+02     8.09000000000000E+02
    1.81000000000000E+02     8.56000000000000E+02
    1.82000000000000E+02     8.44000000000000E+02
    1.83000000000000E+02     9.17000000000000E+02
    1.84000000000000E+02     8.76000000000000E+02
    1.85000000000000E+02     8.70000000000000E+02
    1.86000000000000E+02     8.72000000000000E+02
    1.87000000000000E+02     9.09000000000000E+02
    1.88000000000000E+02     8.81000000000000E+02
    1.89000000000000E+02     9.13000000000000E+02
    1.90000000000000E+02     1.03800000000000E+03
    1.91000000000000E+02     9.63000000000000E+02
    1.92000000000000E+02     1.06300000000000E+03
    1.93000000000000E+02     1.21500000000000E+03
    1.94000000000000E+02     9.87000000000000E+02
    1.95000000000000E+02     8.70000000000000E+02
    1.96000000000000E+02     8.52000000000000E+02
    1.97000000000000E+02     8.37000000000000E+02
    1.98000000000000E+02     7.67000000000000E+02
    1.99000000000000E+02     7.82000000000000E+02
    2.00000000000000E+02     8.35000000000000E+02
    2.01000000000000E+02     8.71000000000000E+02
    2.02000000000000E+02     9.03000000000000E+02
    2.03000000000000E+02     9.15000000000000E+02
    2.04000000000000E+02     9.75000000000000E+02
    2.05000000000000E+02     1.02200000000000E+03
    2.06000000000000E+02     1.10400000000000E+03
    2.07000000000000E+02     1.16100000000000E+03
    2.08000000000000E+02     1.26300000000000E+03
    2.09000000000000E+02     1.28200000000000E+03
    2.10000000000000E+02     1.12700000000000E+03
    2.11000000000000E+02     1.19500000000000E+03
    2.12000000000000E+02     1.22000000000000E+03
    2.13000000000000E+02     1.26200000000000E+03
    2.14000000000000E+02     1.06600000000000E+03
    2.15000000000000E+02     9.24000000000000E+02
    2.16000000000000E+02     8.98000000000000E+02
    2.17000000000000E+02     8.56000000000000E+02
    2.18000000000000E+02     7.82000000000000E+02
    2.19000000000000E+02     8.73000000000000E+02
    2.20000000000000E+02     9.14000000000000E+02
    2.21000000000000E+02     9.16000000000000E+02
    2.22000000000000E+02     8.95000000000000E+02
    2.23000000000000E+02     7.98000000000000E+02
    2.24000000000000E+02     9.29000000000000E+02
    2.25000000000000E+02     9.89000000000000E+02
    2.26000000000000E+02     1.13800000000000E+03
    2.27000000000000E+02     1.12100000000000E+03
    2.28000000000000E+02     1.16400000000000E+03
    2.29000000000000E+02     1.27900000000000E+03
    2.30000000000000E+02     1.11600000000000E+03
    2.31000000000000E+02     1.15000000000000E+03
    2.32000000000000E+02     1.09900000000000E+03
    2.33000000000000E+02     1.08300000000000E+03
    2.34000000000000E+02     1.11400000000000E+03
    2.35000000000000E+02     1.09400000000000E+03
    2.36000000000000E+02     1.07200000000000E+03
    2.37000000000000E+02     1.00900000000000E+03
    2.38000000000000E+02     9.52000000000000E+02
    2.39000000000000E+02     1.01300000000000E+03
    2.40000000000000E+02     1.05400000000000E+03
    2.41000000000000E+02     1.08600000000000E+03
    2.42000000000000E+02     1.01200000000000E+03
    2.43000000000000E+02     9.49000000000000E+02
    2.44000000000000E+02     1.07800000000000E+03
    2.45000000000000E+02     1.07600000000000E+03
    2.46000000000000E+02     1.18500000000000E+03
    2.47000000000000E+02     1.22200000000000E+03
    2.48000000000000E+02     1.20600000000000E+03
    2.49000000000000E+02     1.08300000000000E+03
    2.50000000000000E+02     1.11300000000000E+03
    2.51000000000000E+02     1.07100000000000E+03
    2.52000000000000E+02     1.19500000000000E+03
    2.53000000000000E+02     1.15500000000000E+03
    2.54000000000000E+02     1.18100000000000E+03
    2.55000000000000E+02     1.19300000000000E+03
    2.56000000000000E+02     1.13200000000000E+03
    2.57000000000000E+02     1.05700000000000E+03
    2.58000000000000E+02     1.05800000000000E+03
    2.59000000000000E+02     9.97000000000000E+02
    2.60000000000000E+02     1.09600000000000E+03
    2.61000000000000E+02     1.12700000000000E+03
    2.62000000000000E+02     1.13200000000000E+03
    2.63000000000000E+02     1.20700000000000E+03
    2.64000000000000E+02     1.11000000000000E+03
    2.65000000000000E+02     1.18300000000000E+03
    2.66000000000000E+02     1.15700000000000E+03
    2.67000000000000E+02     1.05000000000000E+03
    2.68000000000000E+02     9.99000000000000E+02
    2.69000000000000E+02     8.48000000000000E+02
    2.70000000000000E+02     8.36000000000000E+02
    2.71000000000000E+02     9.13000000000000E+02
    2.72000000000000E+02     8.82000000000000E+02
    2.73000000000000E+02     9.01000000000000E+02
    2.74000000000000E+02     9.81000000000000E+02
    2.75000000000000E+02     9.49000000000000E+02
    2.76000000000000E+02     1.00500000000000E+03
    2.77000000000000E+02     1.06300000000000E+03
    2.78000000000000E+02     1.09200000000000E+03
    2.79000000000000E+02     1.12900000000000E+03
    2.80000000000000E+02     1.12300000000000E+03
    2.81000000000000E+02     1.16300000000000E+03
    2.82000000000000E+02     1.20200000000000E+03
    2.83000000000000E+02     1.08000000000000E+03
    2.84000000000000E+02     1.02000000000000E+03
    2.85000000000000E+02     9.59000000000000E+02
    2.86000000000000E+02     9.64000000000000E+02
    2.87000000000000E+02     8.82000000000000E+02
    2.88000000000000E+02     8.75000000000000E+02
    2.89000000000000E+02     8.90000000000000E+02
    2.90000000000000E+02     1.04900000000000E+03
    2.91000000000000E+02     1.05600000000000E+03
    2.92000000000000E+02     1.09000000000000E+03
    2.93000000000000E+02     1.07200000000000E+03
    2.94000000000000E+02     1.25700000000000E+03
    2.95000000000000E+02     1.03000000000000E+03
    2.96000000000000E+02     9.93000000000000E+02
    2.97000000000000E+02     9.44000000000000E+02
    2.98000000000000E+02     8.80000000000000E+02
    2.99000000000000E+02     8.66000000000000E+02
    3.00000000000000E+02     8.51000000000000E+02
    3.01000000000000E+02     8.10000000000000E+02
    3.02000000000000E+02     8.52000000000000E+02
    3.03000000000000E+02     8.41000000000000E+02
    3.04000000000000E+02     8.76000000000000E+02
    3.05000000000000E+02     9.11000000000000E+02
    3.06000000000000E+02     8.94000000000000E+02
    3.07000000000000E+02     8.69000000000000E+02
    3.08000000000000E+02     9.69000000000000E+02
    3.09000000000000E+02     9.12000000000000E+02
    3.10000000000000E+02     1.01500000000000E+03
    3.11000000000000E+02     1.00100000000000E+03
    3.12000000000000E+02     9.94000000000000E+02
    3.13000000000000E+02     1.07300000000000E+03
    3.14000000000000E+02     1.05900000000000E+03
    3.15000000000000E+02     1.16500000000000E+03
    3.16000000000000E+02     1.17100000000000E+03
    3.17000000000000E+02     1.29900000000000E+03
    3.18000000000000E+02     1.25800000000000E+03
    3.19000000000000E+02     1.09400000000000E+03
    3.20000000000000E+02     1.10700000000000E+03
    3.21000000000000E+02     1.10400000000000E+03
    3.22000000000000E+02     1.12300000000000E+03
    3.23000000000000E+02     1.17400000000000E+03
    3.24000000000000E+02     1.25400000000000E+03
    3.25000000000000E+02     1.35600000000000E+03
    3.26000000000000E+02     1.33400000000000E+03
    3.27000000000000E+02     1.28400000000000E+03
    3.28000000000000E+02     1.40100000000000E+03
    3.29000000000000E+02     1.41200000000000E+03
    3.30000000000000E+02     1.53800000000000E+03
    3.31000000000000E+02     1.44100000000000E+03
    3.32000000000000E+02     1.42000000000000E+03
    3.33000000000000E+02     1.24100000000000E+03
    3.34000000000000E+02     1.29700000000000E+03
    3.35000000000000E+02     1.27900000000000E+03
    3.36000000000000E+02     1.36200000000000E+03
    3.37000000000000E+02     1.16100000000000E+03
    3.38000000000000E+02     9.92000000000000E+02
    3.39000000000000E+02     9.52000000000000E+02
    3.40000000000000E+02     8.97000000000000E+02
    3.41000000000000E+02     8.58000000000000E+02
    3.42000000000000E+02     9.48000000000000E+02
    3.43000000000000E+02     8.72000000000000E+02
    3.44000000000000E+02     7.99000000000000E+02
    3.45000000000000E+02     7.86000000000000E+02
    3.46000000000000E+02     8.27000000000000E+02
    3.47000000000000E+02     8.11000000000000E+02
    3.48000000000000E+02     8.24000000000000E+02
    3.49000000000000E+02     8.25000000000000E+02
    3.50000000000000E+02     9.18000000000000E+02
    3.51000000000000E+02     9.86000000000000E+02
    3.52000000000000E+02     1.04000000000000E+03
    3.53000000000000E+02     1.03400000000000E+03
    3.54000000000000E+02     9.41000000000000E+02
    3.55000000000000E+02     9.15000000000000E+02
    3.56000000000000E+02     9.50000000000000E+02
    3.57000000000000E+02     1.02700000000000E+03
    3.58000000000000E+02     9.10000000000000E+02
    3.59000000000000E+02     8.80000000000000E+02
    3.60000000000000E+02     8.56000000000000E+02
    3.61000000000000E+02     8.05000000000000E+02
    3.62000000000000E+02     8.52000000000000E+02
    3.63000000000000E+02     8.99000000000000E+02
    3.64000000000000E+02     8.24000000000000E+02
    3.65000000000000E+02     9.35000000000000E+02
    3.66000000000000E+02     9.64000000000000E+02
    3.67000000000000E+02     1.05700000000000E+03
    3.68000000000000E+02     1.08400000000000E+03
    3.69000000000000E+02     1.04900000000000E+03
    3.70000000000000E+02     1.09000000000000E+03
    3.71000000000000E+02     1.28300000000000E+03
    3.72000000000000E+02     1.11700000000000E+03
    3.73000000000000E+02     1.00400000000000E+03
    3.74000000000000E+02     1.02400000000000E+03
    3.75000000000000E+02     1.01600000000000E+03
    3.76000000000000E+02     1.00900000000000E+03
    3.77000000000000E+02     8.83000000000000E+02
    3.78000000000000E+02     9.11000000000000E+02
    3.79000000000000E+02     1.01900000000000E+03
    3.80000000000000E+02     9.40000000000000E+02
    3.81000000000000E+02     8.92000000000000E+02
    3.82000000000000E+02     8.49000000000000E+02
    3.83000000000000E+02     9.43000000000000E+02
    3.84000000000000E+02     9.87000000000000E+02
    3.85000000000000E+02     9.39000000000000E+02
    3.86000000000000E+02     9.74000000000000E+02
    3.87000000000000E+02     1.06100000000000E+03
    3.88000000000000E+02     1.15200000000000E+03
    3.89000000000000E+02     1.31600000000000E+03
    3.90000000000000E+02     1.20900000000000E+03
    3.91000000000000E+02     1.26600000000000E+03
    3.92000000000000E+02     1.25100000000000E+03
    3.93000000000000E+02     1.20700000000000E+03
    3.94000000000000E+02     1.29100000000000E+03
    3.95000000000000E+02     1.40000000000000E+03
    3.96000000000000E+02     1.50600000000000E+03
    3.97000000000000E+02     1.33200000000000E+03
    3.98000000000000E+02     1.30300000000000E+03
    3.99000000000000E+02     1.28300000000000E+03
    4.00000000000000E+02     1.33400000000000E+03
    4.01000000000000E+02     1.34500000000000E+03
    4.02000000000000E+02     1.39900000000000E+03
    4.03000000000000E+02     1.28700000000000E+03
    4.04000000000000E+02     1.20200000000000E+03
    4.05000000000000E+02     1.25900000000000E+03
    4.06000000000000E+02     1.11300000000000E+03
    4.07000000000000E+02     7.06000000000000E+02
    4.08000000000000E+02     6.98000000000000E+02
    4.09000000000000E+02     8.12000000000000E+02
    4.10000000000000E+02     8.13000000000000E+02
    4.11000000000000E+02     8.34000000000000E+02
    4.12000000000000E+02     8.50000000000000E+02
    4.13000000000000E+02     8.15000000000000E+02
    4.14000000000000E+02     7.78000000000000E+02
    4.15000000000000E+02     8.36000000000000E+02
    4.16000000000000E+02     9.06000000000000E+02
    4.17000000000000E+02     9.34000000000000E+02
    4.18000000000000E+02     9.59000000000000E+02
    4.19000000000000E+02     9.90000000000000E+02
    4.20000000000000E+02     1.03900000000000E+03
    4.21000000000000E+02     1.15400000000000E+03
    4.22000000000000E+02     1.19700000000000E+03
    4.23000000000000E+02     1.20500000000000E+03
    4.24000000000000E+02     1.27400000000000E+03
    4.25000000000000E+02     1.32400000000000E+03
    4.26000000000000E+02     1.26900000000000E+03
    4.27000000000000E+02     1.24400000000000E+03
    4.28000000000000E+02     1.12300000000000E+03
    4.29000000000000E+02     1.12300000000000E+03
    4.30000000000000E+02     1.16500000000000E+03
    4.31000000000000E+02     1.06700000000000E+03
    4.32000000000000E+02     1.09700000000000E+03
    4.33000000000000E+02     1.25800000000000E+03
    4.34000000000000E+02     1.09800000000000E+03
    4.35000000000000E+02     1.06600000000000E+03
    4.36000000000000E+02     1.16300000000000E+03
    4.37000000000000E+02     1.14800000000000E+03
    4.38000000000000E+02     1.12200000000000E+03
    4.39000000000000E+02     1.23700000000000E+03
    4.40000000000000E+02     1.17500000000000E+03
    4.41000000000000E+02     1.10800000000000E+03
    4.42000000000000E+02     1.03300000000000E+03
    4.43000000000000E+02     9.55000000000000E+02
    4.44000000000000E+02     1.01300000000000E+03
    4.45000000000000E+02     1.01500000000000E+03
    4.46000000000000E+02     1.04200000000000E+03
    4.47000000000000E+02     1.03100000000000E+03
    4.48000000000000E+02     9.92000000000000E+02
    4.49000000000000E+02     9.48000000000000E+02
    4.50000000000000E+02     9.18000000000000E+02
    4.51000000000000E+02     9.30000000000000E+02
    4.52000000000000E+02     9.65000000000000E+02
    4.53000000000000E+02     1.02900000000000E+03
    4.54000000000000E+02     1.10200000000000E+03
    4.55000000000000E+02     1.21100000000000E+03
    4.56000000000000E+02     1.11100000000000E+03
    4.57000000000000E+02     1.15800000000000E+03
    4.58000000000000E+02     1.16100000000000E+03
    4.59000000000000E+02     1.28100000000000E+03
    4.60000000000000E+02     1.14800000000000E+03
    4.61000000000000E+02     1.15400000000000E+03
    4.62000000000000E+02     1.27600000000000E+03
    4.63000000000000E+02     1.33700000000000E+03
    4.64000000000000E+02     1.48600000000000E+03
    4.65000000000000E+02     1.51200000000000E+03
    4.66000000000000E+02     1.45600000000000E+03
    4.67000000000000E+02     1.51300000000000E+03
    4.68000000000000E+02     1.58600000000000E+03
    4.69000000000000E+02     1.68100000000000E+03
    4.70000000000000E+02     1.58100000000000E+03
    4.71000000000000E+02     1.78600000000000E+03
    4.72000000000000E+02     2.01300000000000E+03
    4.73000000000000E+02     2.10000000000000E+03
    4.74000000000000E+02     2.36300000000000E+03
    4.75000000000000E+02     2.44300000000000E+03
    4.76000000000000E+02     2.78000000000000E+03
    4.77000000000000E+02     2.90100000000000E+03
    4.78000000000000E+02     3.11200000000000E+03
    4.79000000000000E+02     3.20200000000000E+03
    4.80000000000000E+02     3.12600000000000E+03
    4.81000000000000E+02     3.15600000000000E+03
    4.82000000000000E+02     3.16400000000000E+03
    4.83000000000000E+02     3.36600000000000E+03
    4.84000000000000E+02     3.56500000000000E+03
    4.85000000000000E+02     3.49500000000000E+03
    4.86000000000000E+02     3.84100000000000E+03
    4.87000000000000E+02     3.97200000000000E+03
    4.88000000000000E+02     4.58000000000000E+03
    4.89000000000000E+02     5.03800000000000E+03
    4.90000000000000E+02     5.50500000000000E+03
    4.91000000000000E+02     5.83100000000000E+03
    4.92000000000000E+02     6.09600000000000E+03
