    1.00000000000000E+00     1.37500000000000E+03
    2.00000000000000E+00     1.47400000000000E+03
    3.00000000000000E+00     1.54200000000000E+03
    4.00000000000000E+00     1.37700000000000E+03
    5.00000000000000E+00     1.31700000000000E+03
    6.00000000000000E+00     1.28400000000000E+03
    7.00000000000000E+00     1.23400000000000E+03
    8.00000000000000E+00     1.21000000000000E+03
    9.00000000000000E+00     1.17200000000000E+03
    1.00000000000000E+01     1.28000000000000E+03
    1.10000000000000E+01     1.09200000000000E+03
    1.20000000000000E+01     1.08300000000000E+03
    1.30000000000000E+01     1.23100000000000E+03
    1.40000000000000E+01     1.10500000000000E+03
    1.50000000000000E+01     1.10200000000000E+03
    1.60000000000000E+01     1.20100000000000E+03
    1.70000000000000E+01     9.98000000000000E+02
    1.80000000000000E+01     1.01100000000000E+03
    1.90000000000000E+01     1.17200000000000E+03
    2.00000000000000E+01     1.15500000000000E+03
    2.10000000000000E+01     1.27100000000000E+03
    2.20000000000000E+01     1.24000000000000E+03
    2.30000000000000E+01     1.34300000000000E+03
    2.40000000000000E+01     1.17000000000000E+03
    2.50000000000000E+01     1.21500000000000E+03
    2.60000000000000E+01     1.13300000000000E+03
    2.70000000000000E+01     1.19400000000000E+03
    2.80000000000000E+01     1.12300000000000E+03
    2.90000000000000E+01     1.22000000000000E+03
    3.00000000000000E+01     1.14200000000000E+03
    3.10000000000000E+01     1.18500000000000E+03
    3.20000000000000E+01     1.22100000000000E+03
    3.30000000000000E+01     1.12400000000000E+03
    3.40000000000000E+01     1.23800000000000E+03
    3.50000000000000E+01     1.05200000000000E+03
    3.60000000000000E+01     1.05900000000000E+03
    3.70000000000000E+01     1.14500000000000E+03
    3.80000000000000E+01     1.17300000000000E+03
    3.90000000000000E+01     1.29500000000000E+03
    4.00000000000000E+01     1.27600000000000E+03
    4.10000000000000E+01     1.25800000000000E+03
    4.20000000000000E+01     1.15800000000000E+03
    4.30000000000000E+01     1.23100000000000E+03
    4.40000000000000E+01     1.18400000000000E+03
    4.50000000000000E+01     1.27000000000000E+03
    4.60000000000000E+01     1.12100000000000E+03
    4.70000000000000E+01     1.14100000000000E+03
    4.80000000000000E+01     1.22900000000000E+03
    4.90000000000000E+01     9.95000000000000E+02
    5.00000000000000E+01     1.03500000000000E+03
    5.10000000000000E+01     1.02700000000000E+03
    5.20000000000000E+01     1.25100000000000E+03
    5.30000000000000E+01     1.26500000000000E+03
    5.40000000000000E+01     1.21200000000000E+03
    5.50000000000000E+01     1.27100000000000E+03
    5.60000000000000E+01     1.21200000000000E+03
    5.70000000000000E+01     1.30100000000000E+03
    5.80000000000000E+01     1.19500000000000E+03
    5.90000000000000E+01     1.23400000000000E+03
    6.00000000000000E+01     1.16600000000000E+03
    6.10000000000000E+01     1.22000000000000E+03
    6.20000000000000E+01     1.31700000000000E+03
    6.30000000000000E+01     1.11500000000000E+03
    6.40000000000000E+01     1.35200000000000E+03
    6.50000000000000E+01     1.18500000000000E+03
    6.60000000000000E+01     1.30900000000000E+03
    6.70000000000000E+01     1.36700000000000E+03
    6.80000000000000E+01     1.26200000000000E+03
    6.90000000000000E+01     1.36100000000000E+03
    7.00000000000000E+01     1.39300000000000E+03
    7.10000000000000E+01     1.26800000000000E+03
    7.20000000000000E+01     1.24600000000000E+03
    7.30000000000000E+01     1.33700000000000E+03
    7.40000000000000E+01     1.17600000000000E+03
    7.50000000000000E+01     1.18100000000000E+03
    7.60000000000000E+01     1.17400000000000E+03
    7.70000000000000E+01     1.31800000000000E+03
    7.80000000000000E+01     1.25500000000000E+03
    7.90000000000000E+01     1.19400000000000E+03
    8.00000000000000E+01     1.22100000000000E+03
    8.10000000000000E+01     1.02400000000000E+03
    8.20000000000000E+01     9.20000000000000E+02
    8.30000000000000E+01     1.01000000000000E+03
    8.40000000000000E+01     1.09600000000000E+03
    8.50000000000000E+01     1.19300000000000E+03
    8.60000000000000E+01     1.25200000000000E+03
    8.70000000000000E+01     1.04800000000000E+03
    8.80000000000000E+01     1.09600000000000E+03
    8.90000000000000E+01     1.20500000000000E+03
    9.00000000000000E+01     1.17300000000000E+03
    9.10000000000000E+01     1.30100000000000E+03
    9.20000000000000E+01     1.35500000000000E+03
    9.30000000000000E+01     1.46700000000000E+03
    9.40000000000000E+01     1.43900000000000E+03
    9.50000000000000E+01     1.36200000000000E+03
    9.60000000000000E+01     1.37800000000000E+03
    9.70000000000000E+01     1.55800000000000E+03
    9.80000000000000E+01     1.67300000000000E+03
    9.90000000000000E+01     1.56100000000000E+03
    1.00000000000000E+02     1.55300000000000E+03
    1.01000000000000E+02     1.81000000000000E+03
    1.02000000000000E+02     1.83600000000000E+03
    1.03000000000000E+02     1.49500000000000E+03
    1.04000000000000E+02     1.72200000000000E+03
    1.05000000000000E+02     1.61400000000000E+03
    1.06000000000000E+02     1.43900000000000E+03
    1.07000000000000E+02     1.52500000000000E+03
    1.08000000000000E+02     1.56500000000000E+03
    1.09000000000000E+02     1.62900000000000E+03
    1.10000000000000E+02     1.76400000000000E+03
    1.11000000000000E+02     1.75300000000000E+03
    1.12000000000000E+02     2.01000000000000E+03
    1.13000000000000E+02     2.04300000000000E+03
    1.14000000000000E+02     2.01700000000000E+03
    1.15000000000000E+02     2.13800000000000E+03
    1.16000000000000E+02     2.00800000000000E+03
    1.17000000000000E+02     2.15400000000000E+03
    1.18000000000000E+02     2.29400000000000E+03
    1.19000000000000E+02     2.41200000000000E+03
    1.20000000000000E+02     2.34500000000000E+03
    1.21000000000000E+02     2.67300000000000E+03
    1.22000000000000E+02     2.66900000000000E+03
    1.23000000000000E+02     2.78300000000000E+03
    1.24000000000000E+02     2.81000000000000E+03
    1.25000000000000E+02     3.06800000000000E+03
    1.26000000000000E+02     3.41900000000000E+03
    1.27000000000000E+02     3.59100000000000E+03
    1.28000000000000E+02     3.88000000000000E+03
    1.29000000000000E+02     4.11800000000000E+03
    1.30000000000000E+02     4.46300000000000E+03
    1.31000000000000E+02     5.00300000000000E+03
    1.32000000000000E+02     5.48000000000000E+03
    1.33000000000000E+02     6.03600000000000E+03
