    1.00000000000000E+00     1.00000000000000E+03
    2.00000000000000E+00     1.18100000000000E+03
    3.00000000000000E+00     1.19300000000000E+03
    4.00000000000000E+00     1.10400000000000E+03
    5.00000000000000E+00     1.18300000000000E+03
    6.00000000000000E+00     1.26500000000000E+03
    7.00000000000000E+00     1.15000000000000E+03
    8.00000000000000E+00     1.22600000000000E+03
    9.00000000000000E+00     1.13600000000000E+03
    1.00000000000000E+01     1.22600000000000E+03
    1.10000000000000E+01     1.40600000000000E+03
    1.20000000000000E+01     1.34800000000000E+03
    1.30000000000000E+01     1.38500000000000E+03
    1.40000000000000E+01     1.19200000000000E+03
    1.50000000000000E+01     1.27100000000000E+03
    1.60000000000000E+01     1.04700000000000E+03
    1.70000000000000E+01     1.12700000000000E+03
    1.80000000000000E+01     1.20200000000000E+03
    1.90000000000000E+01     1.12600000000000E+03
    2.00000000000000E+01     1.17400000000000E+03
    2.10000000000000E+01     1.16500000000000E+03
    2.20000000000000E+01     1.32100000000000E+03
    2.30000000000000E+01     1.41200000000000E+03
    2.40000000000000E+01     1.43300000000000E+03
    2.50000000000000E+01     1.31000000000000E+03
    2.60000000000000E+01     1.09800000000000E+03
    2.70000000000000E+01     1.20900000000000E+03
    2.80000000000000E+01     8.91000000000000E+02
    2.90000000000000E+01     9.47000000000000E+02
    3.00000000000000E+01     9.70000000000000E+02
    3.10000000000000E+01     9.79000000000000E+02
    3.20000000000000E+01     1.03000000000000E+03
    3.30000000000000E+01     1.05200000000000E+03
    3.40000000000000E+01     1.21300000000000E+03
    3.50000000000000E+01     1.11800000000000E+03
    3.60000000000000E+01     1.19200000000000E+03
    3.70000000000000E+01     1.18200000000000E+03
    3.80000000000000E+01     1.32100000000000E+03
    3.90000000000000E+01     1.18500000000000E+03
    4.00000000000000E+01     1.06700000000000E+03
    4.10000000000000E+01     1.12300000000000E+03
    4.20000000000000E+01     1.18600000000000E+03
    4.30000000000000E+01     1.25600000000000E+03
    4.40000000000000E+01     1.23500000000000E+03
    4.50000000000000E+01     1.01600000000000E+03
    4.60000000000000E+01     9.27000000000000E+02
    4.70000000000000E+01     9.70000000000000E+02
    4.80000000000000E+01     1.09200000000000E+03
    4.90000000000000E+01     1.08200000000000E+03
    5.00000000000000E+01     1.12100000000000E+03
    5.10000000000000E+01     1.18500000000000E+03
    5.20000000000000E+01     1.15600000000000E+03
    5.30000000000000E+01     1.41100000000000E+03
    5.40000000000000E+01     1.47800000000000E+03
    5.50000000000000E+01     1.67400000000000E+03
    5.60000000000000E+01     1.71000000000000E+03
    5.70000000000000E+01     1.69700000000000E+03
    5.80000000000000E+01     1.83900000000000E+03
    5.90000000000000E+01     1.71400000000000E+03
    6.00000000000000E+01     1.79600000000000E+03
    6.10000000000000E+01     2.02800000000000E+03
    6.20000000000000E+01     2.10800000000000E+03
    6.30000000000000E+01     2.14800000000000E+03
    6.40000000000000E+01     2.23000000000000E+03
    6.50000000000000E+01     2.16100000000000E+03
    6.60000000000000E+01     2.31100000000000E+03
    6.70000000000000E+01     2.45300000000000E+03
    6.80000000000000E+01     2.76200000000000E+03
    6.90000000000000E+01     2.79600000000000E+03
    7.00000000000000E+01     3.11600000000000E+03
    7.10000000000000E+01     3.03800000000000E+03
    7.20000000000000E+01     3.39200000000000E+03
    7.30000000000000E+01     3.38700000000000E+03
    7.40000000000000E+01     3.62600000000000E+03
    7.50000000000000E+01     3.91700000000000E+03
    7.60000000000000E+01     4.19800000000000E+03
    7.70000000000000E+01     4.48100000000000E+03
    7.80000000000000E+01     4.52500000000000E+03
    7.90000000000000E+01     4.84400000000000E+03
    8.00000000000000E+01     4.86900000000000E+03
    8.10000000000000E+01     5.27100000000000E+03
    8.20000000000000E+01     5.81300000000000E+03
    8.30000000000000E+01     6.43800000000000E+03
