    1.00000000000000E+00     1.00100000000000E+03
    2.00000000000000E+00     9.19000000000000E+02
    3.00000000000000E+00     1.12800000000000E+03
    4.00000000000000E+00     1.31900000000000E+03
    5.00000000000000E+00     1.38800000000000E+03
    6.00000000000000E+00     1.23500000000000E+03
    7.00000000000000E+00     1.39600000000000E+03
    8.00000000000000E+00     1.30700000000000E+03
    9.00000000000000E+00     1.16300000000000E+03
    1.00000000000000E+01     1.07600000000000E+03
    1.10000000000000E+01     1.09000000000000E+03
    1.20000000000000E+01     1.05800000000000E+03
    1.30000000000000E+01     1.05900000000000E+03
    1.40000000000000E+01     1.06700000000000E+03
    1.50000000000000E+01     1.18900000000000E+03
    1.60000000000000E+01     1.18600000000000E+03
    1.70000000000000E+01     1.29200000000000E+03
    1.80000000000000E+01     1.14400000000000E+03
    1.90000000000000E+01     1.14800000000000E+03
    2.00000000000000E+01     1.25100000000000E+03
    2.10000000000000E+01     9.65000000000000E+02
    2.20000000000000E+01     8.14000000000000E+02
    2.30000000000000E+01     9.45000000000000E+02
    2.40000000000000E+01     9.54000000000000E+02
    2.50000000000000E+01     9.40000000000000E+02
    2.60000000000000E+01     1.16900000000000E+03
    2.70000000000000E+01     1.23600000000000E+03
    2.80000000000000E+01     9.98000000000000E+02
    2.90000000000000E+01     1.02200000000000E+03
    3.00000000000000E+01     1.01900000000000E+03
    3.10000000000000E+01     1.01600000000000E+03
    3.20000000000000E+01     1.02000000000000E+03
    3.30000000000000E+01     1.08200000000000E+03
    3.40000000000000E+01     1.20900000000000E+03
    3.50000000000000E+01     1.14800000000000E+03
    3.60000000000000E+01     1.16100000000000E+03
    3.70000000000000E+01     1.25700000000000E+03
    3.80000000000000E+01     1.04900000000000E+03
    3.90000000000000E+01     1.00800000000000E+03
    4.00000000000000E+01     9.84000000000000E+02
    4.10000000000000E+01     1.15000000000000E+03
    4.20000000000000E+01     1.27000000000000E+03
    4.30000000000000E+01     1.19400000000000E+03
    4.40000000000000E+01     1.27600000000000E+03
    4.50000000000000E+01     1.23800000000000E+03
    4.60000000000000E+01     1.12100000000000E+03
    4.70000000000000E+01     1.04800000000000E+03
    4.80000000000000E+01     1.04100000000000E+03
    4.90000000000000E+01     1.09300000000000E+03
    5.00000000000000E+01     1.28200000000000E+03
    5.10000000000000E+01     1.11200000000000E+03
    5.20000000000000E+01     1.25100000000000E+03
    5.30000000000000E+01     1.07100000000000E+03
    5.40000000000000E+01     9.78000000000000E+02
    5.50000000000000E+01     1.12600000000000E+03
    5.60000000000000E+01     1.17600000000000E+03
    5.70000000000000E+01     1.23900000000000E+03
    5.80000000000000E+01     1.21300000000000E+03
    5.90000000000000E+01     9.43000000000000E+02
    6.00000000000000E+01     7.68000000000000E+02
    6.10000000000000E+01     8.01000000000000E+02
    6.20000000000000E+01     9.09000000000000E+02
    6.30000000000000E+01     8.96000000000000E+02
    6.40000000000000E+01     1.01700000000000E+03
    6.50000000000000E+01     1.04300000000000E+03
    6.60000000000000E+01     1.09700000000000E+03
    6.70000000000000E+01     1.14200000000000E+03
    6.80000000000000E+01     1.26000000000000E+03
    6.90000000000000E+01     1.22700000000000E+03
    7.00000000000000E+01     1.23400000000000E+03
    7.10000000000000E+01     1.29900000000000E+03
    7.20000000000000E+01     1.28800000000000E+03
    7.30000000000000E+01     1.28700000000000E+03
    7.40000000000000E+01     1.21800000000000E+03
    7.50000000000000E+01     1.24800000000000E+03
    7.60000000000000E+01     1.17700000000000E+03
    7.70000000000000E+01     1.13000000000000E+03
    7.80000000000000E+01     1.07600000000000E+03
    7.90000000000000E+01     1.19700000000000E+03
    8.00000000000000E+01     1.31200000000000E+03
    8.10000000000000E+01     1.26000000000000E+03
    8.20000000000000E+01     1.08000000000000E+03
    8.30000000000000E+01     9.83000000000000E+02
    8.40000000000000E+01     9.86000000000000E+02
    8.50000000000000E+01     1.13400000000000E+03
    8.60000000000000E+01     1.14600000000000E+03
    8.70000000000000E+01     1.17100000000000E+03
    8.80000000000000E+01     1.09900000000000E+03
    8.90000000000000E+01     1.10900000000000E+03
    9.00000000000000E+01     1.23300000000000E+03
    9.10000000000000E+01     1.33600000000000E+03
    9.20000000000000E+01     1.32300000000000E+03
    9.30000000000000E+01     1.29600000000000E+03
    9.40000000000000E+01     1.35600000000000E+03
    9.50000000000000E+01     1.29000000000000E+03
    9.60000000000000E+01     1.35600000000000E+03
    9.70000000000000E+01     1.13100000000000E+03
    9.80000000000000E+01     9.78000000000000E+02
    9.90000000000000E+01     9.68000000000000E+02
    1.00000000000000E+02     9.58000000000000E+02
    1.01000000000000E+02     1.06800000000000E+03
    1.02000000000000E+02     1.04600000000000E+03
    1.03000000000000E+02     1.08500000000000E+03
    1.04000000000000E+02     1.12400000000000E+03
    1.05000000000000E+02     1.39100000000000E+03
    1.06000000000000E+02     1.39500000000000E+03
    1.07000000000000E+02     1.43700000000000E+03
    1.08000000000000E+02     1.49500000000000E+03
    1.09000000000000E+02     1.43400000000000E+03
    1.10000000000000E+02     1.51000000000000E+03
    1.11000000000000E+02     1.43700000000000E+03
    1.12000000000000E+02     1.38700000000000E+03
    1.13000000000000E+02     1.39800000000000E+03
    1.14000000000000E+02     1.24400000000000E+03
    1.15000000000000E+02     1.15300000000000E+03
    1.16000000000000E+02     1.05500000000000E+03
    1.17000000000000E+02     1.04900000000000E+03
    1.18000000000000E+02     1.20300000000000E+03
    1.19000000000000E+02     1.10900000000000E+03
    1.20000000000000E+02     1.08000000000000E+03
    1.21000000000000E+02     1.11800000000000E+03
    1.22000000000000E+02     1.28200000000000E+03
    1.23000000000000E+02     1.23900000000000E+03
    1.24000000000000E+02     1.29600000000000E+03
    1.25000000000000E+02     1.37200000000000E+03
    1.26000000000000E+02     1.30600000000000E+03
    1.27000000000000E+02     1.34000000000000E+03
    1.28000000000000E+02     1.12500000000000E+03
    1.29000000000000E+02     9.51000000000000E+02
    1.30000000000000E+02     9.85000000000000E+02
    1.31000000000000E+02     1.05700000000000E+03
    1.32000000000000E+02     1.06400000000000E+03
    1.33000000000000E+02     1.17800000000000E+03
    1.34000000000000E+02     1.23000000000000E+03
    1.35000000000000E+02     1.29800000000000E+03
    1.36000000000000E+02     1.11300000000000E+03
    1.37000000000000E+02     1.03500000000000E+03
    1.38000000000000E+02     1.11200000000000E+03
    1.39000000000000E+02     1.16900000000000E+03
    1.40000000000000E+02     1.20700000000000E+03
    1.41000000000000E+02     1.16000000000000E+03
    1.42000000000000E+02     1.03600000000000E+03
    1.43000000000000E+02     1.04000000000000E+03
    1.44000000000000E+02     1.18500000000000E+03
    1.45000000000000E+02     1.19600000000000E+03
    1.46000000000000E+02     1.24100000000000E+03
    1.47000000000000E+02     1.10500000000000E+03
    1.48000000000000E+02     1.14000000000000E+03
    1.49000000000000E+02     1.17800000000000E+03
    1.50000000000000E+02     1.07400000000000E+03
    1.51000000000000E+02     1.15600000000000E+03
    1.52000000000000E+02     1.53400000000000E+03
    1.53000000000000E+02     1.41300000000000E+03
    1.54000000000000E+02     1.30000000000000E+03
    1.55000000000000E+02     1.30600000000000E+03
    1.56000000000000E+02     1.38700000000000E+03
    1.57000000000000E+02     1.51700000000000E+03
    1.58000000000000E+02     1.47200000000000E+03
    1.59000000000000E+02     1.37900000000000E+03
    1.60000000000000E+02     1.37400000000000E+03
    1.61000000000000E+02     1.39900000000000E+03
    1.62000000000000E+02     1.41500000000000E+03
    1.63000000000000E+02     1.33100000000000E+03
    1.64000000000000E+02     1.07200000000000E+03
    1.65000000000000E+02     6.88000000000000E+02
    1.66000000000000E+02     7.86000000000000E+02
    1.67000000000000E+02     8.44000000000000E+02
    1.68000000000000E+02     9.52000000000000E+02
    1.69000000000000E+02     9.82000000000000E+02
    1.70000000000000E+02     1.04600000000000E+03
    1.71000000000000E+02     1.08600000000000E+03
    1.72000000000000E+02     1.15200000000000E+03
    1.73000000000000E+02     1.25300000000000E+03
    1.74000000000000E+02     1.20400000000000E+03
    1.75000000000000E+02     1.33600000000000E+03
    1.76000000000000E+02     1.17200000000000E+03
    1.77000000000000E+02     1.13100000000000E+03
    1.78000000000000E+02     1.25100000000000E+03
    1.79000000000000E+02     1.15900000000000E+03
    1.80000000000000E+02     1.30400000000000E+03
    1.81000000000000E+02     1.28400000000000E+03
    1.82000000000000E+02     1.15500000000000E+03
    1.83000000000000E+02     1.18300000000000E+03
    1.84000000000000E+02     1.15900000000000E+03
    1.85000000000000E+02     1.23700000000000E+03
    1.86000000000000E+02     1.32600000000000E+03
    1.87000000000000E+02     1.32100000000000E+03
    1.88000000000000E+02     1.42900000000000E+03
    1.89000000000000E+02     1.42400000000000E+03
    1.90000000000000E+02     1.44700000000000E+03
    1.91000000000000E+02     1.56100000000000E+03
    1.92000000000000E+02     1.48700000000000E+03
    1.93000000000000E+02     1.51700000000000E+03
    1.94000000000000E+02     1.36300000000000E+03
    1.95000000000000E+02     1.47500000000000E+03
    1.96000000000000E+02     1.60200000000000E+03
    1.97000000000000E+02     1.59300000000000E+03
    1.98000000000000E+02     1.55000000000000E+03
    1.99000000000000E+02     1.56900000000000E+03
    2.00000000000000E+02     1.50400000000000E+03
    2.01000000000000E+02     1.66100000000000E+03
    2.02000000000000E+02     1.76100000000000E+03
    2.03000000000000E+02     1.80700000000000E+03
    2.04000000000000E+02     1.94400000000000E+03
    2.05000000000000E+02     1.70500000000000E+03
    2.06000000000000E+02     1.94800000000000E+03
    2.07000000000000E+02     1.94800000000000E+03
    2.08000000000000E+02     2.03500000000000E+03
    2.09000000000000E+02     2.19700000000000E+03
    2.10000000000000E+02     2.30600000000000E+03
    2.11000000000000E+02     2.26900000000000E+03
    2.12000000000000E+02     2.15100000000000E+03
    2.13000000000000E+02     2.46600000000000E+03
    2.14000000000000E+02     2.30600000000000E+03
    2.15000000000000E+02     2.35700000000000E+03
    2.16000000000000E+02     2.47400000000000E+03
    2.17000000000000E+02     2.62900000000000E+03
    2.18000000000000E+02     2.83400000000000E+03
    2.19000000000000E+02     3.02300000000000E+03
    2.20000000000000E+02     2.88500000000000E+03
    2.21000000000000E+02     2.93700000000000E+03
    2.22000000000000E+02     3.26500000000000E+03
    2.23000000000000E+02     3.27700000000000E+03
    2.24000000000000E+02     3.64700000000000E+03
    2.25000000000000E+02     3.94700000000000E+03
    2.26000000000000E+02     4.31200000000000E+03
    2.27000000000000E+02     4.61400000000000E+03
    2.28000000000000E+02     5.10500000000000E+03
    2.29000000000000E+02     5.40200000000000E+03
    2.30000000000000E+02     5.67900000000000E+03
    2.31000000000000E+02     6.13400000000000E+03
