    1.00000000000000E+00     9.35000000000000E+02
    2.00000000000000E+00     1.02900000000000E+03
    3.00000000000000E+00     1.10800000000000E+03
    4.00000000000000E+00     1.27700000000000E+03
    5.00000000000000E+00     1.26000000000000E+03
    6.00000000000000E+00     1.16400000000000E+03
    7.00000000000000E+00     1.24400000000000E+03
    8.00000000000000E+00     1.13200000000000E+03
    9.00000000000000E+00     1.25700000000000E+03
    1.00000000000000E+01     1.14500000000000E+03
    1.10000000000000E+01     1.28700000000000E+03
    1.20000000000000E+01     1.24000000000000E+03
    1.30000000000000E+01     1.06500000000000E+03
    1.40000000000000E+01     1.05600000000000E+03
    1.50000000000000E+01     1.17100000000000E+03
    1.60000000000000E+01     1.20500000000000E+03
    1.70000000000000E+01     1.30400000000000E+03
    1.80000000000000E+01     1.30100000000000E+03
    1.90000000000000E+01     1.27600000000000E+03
    2.00000000000000E+01     1.19000000000000E+03
    2.10000000000000E+01     1.03200000000000E+03
    2.20000000000000E+01     1.09200000000000E+03
    2.30000000000000E+01     1.20100000000000E+03
    2.40000000000000E+01     1.03100000000000E+03
    2.50000000000000E+01     1.05200000000000E+03
    2.60000000000000E+01     1.01800000000000E+03
    2.70000000000000E+01     1.03800000000000E+03
    2.80000000000000E+01     1.03600000000000E+03
    2.90000000000000E+01     1.10700000000000E+03
    3.00000000000000E+01     1.14300000000000E+03
    3.10000000000000E+01     1.32400000000000E+03
    3.20000000000000E+01     1.39800000000000E+03
    3.30000000000000E+01     1.24700000000000E+03
    3.40000000000000E+01     1.59900000000000E+03
    3.50000000000000E+01     1.49800000000000E+03
    3.60000000000000E+01     1.31900000000000E+03
    3.70000000000000E+01     1.46300000000000E+03
    3.80000000000000E+01     1.28200000000000E+03
    3.90000000000000E+01     1.26800000000000E+03
    4.00000000000000E+01     1.33400000000000E+03
    4.10000000000000E+01     1.18500000000000E+03
    4.20000000000000E+01     1.16900000000000E+03
    4.30000000000000E+01     1.29400000000000E+03
    4.40000000000000E+01     1.27300000000000E+03
    4.50000000000000E+01     1.20600000000000E+03
    4.60000000000000E+01     1.16100000000000E+03
    4.70000000000000E+01     1.07600000000000E+03
    4.80000000000000E+01     1.22900000000000E+03
    4.90000000000000E+01     1.19600000000000E+03
    5.00000000000000E+01     1.18000000000000E+03
    5.10000000000000E+01     1.31400000000000E+03
    5.20000000000000E+01     1.19500000000000E+03
    5.30000000000000E+01     1.20300000000000E+03
    5.40000000000000E+01     1.29900000000000E+03
    5.50000000000000E+01     1.49000000000000E+03
    5.60000000000000E+01     1.32900000000000E+03
    5.70000000000000E+01     1.36800000000000E+03
    5.80000000000000E+01     1.22600000000000E+03
    5.90000000000000E+01     1.09200000000000E+03
    6.00000000000000E+01     1.00400000000000E+03
    6.10000000000000E+01     1.09300000000000E+03
    6.20000000000000E+01     1.22300000000000E+03
    6.30000000000000E+01     1.10300000000000E+03
    6.40000000000000E+01     1.30000000000000E+03
    6.50000000000000E+01     1.26700000000000E+03
    6.60000000000000E+01     1.20100000000000E+03
    6.70000000000000E+01     1.27300000000000E+03
    6.80000000000000E+01     1.12700000000000E+03
    6.90000000000000E+01     9.09000000000000E+02
    7.00000000000000E+01     9.21000000000000E+02
    7.10000000000000E+01     1.00500000000000E+03
    7.20000000000000E+01     1.08700000000000E+03
    7.30000000000000E+01     1.23700000000000E+03
    7.40000000000000E+01     1.11700000000000E+03
    7.50000000000000E+01     1.36600000000000E+03
    7.60000000000000E+01     1.35100000000000E+03
    7.70000000000000E+01     1.21200000000000E+03
    7.80000000000000E+01     1.20300000000000E+03
    7.90000000000000E+01     1.28300000000000E+03
    8.00000000000000E+01     1.24600000000000E+03
    8.10000000000000E+01     1.43100000000000E+03
    8.20000000000000E+01     1.22000000000000E+03
    8.30000000000000E+01     1.30200000000000E+03
    8.40000000000000E+01     1.28900000000000E+03
    8.50000000000000E+01     1.08500000000000E+03
    8.60000000000000E+01     7.14000000000000E+02
    8.70000000000000E+01     7.61000000000000E+02
    8.80000000000000E+01     9.48000000000000E+02
    8.90000000000000E+01     9.76000000000000E+02
    9.00000000000000E+01     1.07000000000000E+03
    9.10000000000000E+01     1.33000000000000E+03
    9.20000000000000E+01     1.26000000000000E+03
    9.30000000000000E+01     1.20700000000000E+03
    9.40000000000000E+01     1.07200000000000E+03
    9.50000000000000E+01     1.04500000000000E+03
    9.60000000000000E+01     1.08300000000000E+03
    9.70000000000000E+01     1.28900000000000E+03
    9.80000000000000E+01     1.16800000000000E+03
    9.90000000000000E+01     1.24100000000000E+03
    1.00000000000000E+02     1.13200000000000E+03
    1.01000000000000E+02     1.20000000000000E+03
    1.02000000000000E+02     1.22700000000000E+03
    1.03000000000000E+02     1.29800000000000E+03
    1.04000000000000E+02     1.29400000000000E+03
    1.05000000000000E+02     1.18300000000000E+03
    1.06000000000000E+02     1.13200000000000E+03
    1.07000000000000E+02     1.15800000000000E+03
    1.08000000000000E+02     1.12600000000000E+03
    1.09000000000000E+02     1.18500000000000E+03
    1.10000000000000E+02     1.16800000000000E+03
    1.11000000000000E+02     1.37800000000000E+03
    1.12000000000000E+02     1.36800000000000E+03
    1.13000000000000E+02     1.40600000000000E+03
    1.14000000000000E+02     1.39800000000000E+03
    1.15000000000000E+02     1.22300000000000E+03
    1.16000000000000E+02     1.37500000000000E+03
    1.17000000000000E+02     1.30100000000000E+03
    1.18000000000000E+02     1.27500000000000E+03
    1.19000000000000E+02     1.49000000000000E+03
    1.20000000000000E+02     1.41800000000000E+03
    1.21000000000000E+02     1.25400000000000E+03
    1.22000000000000E+02     1.34900000000000E+03
    1.23000000000000E+02     1.47500000000000E+03
    1.24000000000000E+02     1.51700000000000E+03
    1.25000000000000E+02     1.37000000000000E+03
    1.26000000000000E+02     1.14400000000000E+03
    1.27000000000000E+02     5.53000000000000E+02
    1.28000000000000E+02     7.53000000000000E+02
    1.29000000000000E+02     8.31000000000000E+02
    1.30000000000000E+02     9.60000000000000E+02
    1.31000000000000E+02     9.99000000000000E+02
    1.32000000000000E+02     1.03900000000000E+03
    1.33000000000000E+02     1.13200000000000E+03
    1.34000000000000E+02     1.17300000000000E+03
    1.35000000000000E+02     1.29000000000000E+03
    1.36000000000000E+02     1.22100000000000E+03
    1.37000000000000E+02     1.24400000000000E+03
    1.38000000000000E+02     1.17100000000000E+03
    1.39000000000000E+02     1.38800000000000E+03
    1.40000000000000E+02     1.20200000000000E+03
    1.41000000000000E+02     1.17400000000000E+03
    1.42000000000000E+02     1.09700000000000E+03
    1.43000000000000E+02     1.20000000000000E+03
    1.44000000000000E+02     1.07000000000000E+03
    1.45000000000000E+02     1.07900000000000E+03
    1.46000000000000E+02     1.12500000000000E+03
    1.47000000000000E+02     1.07000000000000E+03
    1.48000000000000E+02     1.08000000000000E+03
    1.49000000000000E+02     1.11900000000000E+03
    1.50000000000000E+02     1.32800000000000E+03
    1.51000000000000E+02     1.20800000000000E+03
    1.52000000000000E+02     1.17500000000000E+03
    1.53000000000000E+02     1.11600000000000E+03
    1.54000000000000E+02     1.24900000000000E+03
    1.55000000000000E+02     1.07100000000000E+03
    1.56000000000000E+02     1.13600000000000E+03
    1.57000000000000E+02     1.09900000000000E+03
    1.58000000000000E+02     1.10200000000000E+03
    1.59000000000000E+02     1.17600000000000E+03
    1.60000000000000E+02     1.26600000000000E+03
    1.61000000000000E+02     1.25500000000000E+03
    1.62000000000000E+02     1.41800000000000E+03
    1.63000000000000E+02     1.36300000000000E+03
    1.64000000000000E+02     1.51800000000000E+03
    1.65000000000000E+02     1.50700000000000E+03
    1.66000000000000E+02     1.45000000000000E+03
    1.67000000000000E+02     1.50200000000000E+03
    1.68000000000000E+02     1.59300000000000E+03
    1.69000000000000E+02     1.63000000000000E+03
    1.70000000000000E+02     1.70300000000000E+03
    1.71000000000000E+02     1.60400000000000E+03
    1.72000000000000E+02     1.47900000000000E+03
    1.73000000000000E+02     1.52700000000000E+03
    1.74000000000000E+02     1.51200000000000E+03
    1.75000000000000E+02     1.47000000000000E+03
    1.76000000000000E+02     1.38700000000000E+03
    1.77000000000000E+02     1.23000000000000E+03
    1.78000000000000E+02     1.23600000000000E+03
    1.79000000000000E+02     9.88000000000000E+02
    1.80000000000000E+02     4.67000000000000E+02
    1.81000000000000E+02     6.34000000000000E+02
    1.82000000000000E+02     7.68000000000000E+02
    1.83000000000000E+02     8.49000000000000E+02
    1.84000000000000E+02     9.99000000000000E+02
    1.85000000000000E+02     1.01800000000000E+03
    1.86000000000000E+02     1.22800000000000E+03
    1.87000000000000E+02     1.18700000000000E+03
    1.88000000000000E+02     1.29600000000000E+03
    1.89000000000000E+02     1.32600000000000E+03
    1.90000000000000E+02     1.38000000000000E+03
    1.91000000000000E+02     1.33600000000000E+03
    1.92000000000000E+02     1.42900000000000E+03
    1.93000000000000E+02     1.35600000000000E+03
    1.94000000000000E+02     1.52800000000000E+03
    1.95000000000000E+02     1.36500000000000E+03
    1.96000000000000E+02     1.24400000000000E+03
    1.97000000000000E+02     1.21200000000000E+03
    1.98000000000000E+02     1.30200000000000E+03
    1.99000000000000E+02     1.19600000000000E+03
    2.00000000000000E+02     1.13400000000000E+03
    2.01000000000000E+02     1.17800000000000E+03
    2.02000000000000E+02     1.15600000000000E+03
    2.03000000000000E+02     1.24900000000000E+03
    2.04000000000000E+02     1.18600000000000E+03
    2.05000000000000E+02     1.25900000000000E+03
    2.06000000000000E+02     1.08600000000000E+03
    2.07000000000000E+02     1.12100000000000E+03
    2.08000000000000E+02     1.21700000000000E+03
    2.09000000000000E+02     1.04400000000000E+03
    2.10000000000000E+02     1.01300000000000E+03
    2.11000000000000E+02     1.04700000000000E+03
    2.12000000000000E+02     1.13800000000000E+03
    2.13000000000000E+02     1.15500000000000E+03
    2.14000000000000E+02     1.17900000000000E+03
    2.15000000000000E+02     1.23200000000000E+03
    2.16000000000000E+02     1.15300000000000E+03
    2.17000000000000E+02     1.38300000000000E+03
    2.18000000000000E+02     1.35400000000000E+03
    2.19000000000000E+02     1.18800000000000E+03
    2.20000000000000E+02     1.36600000000000E+03
    2.21000000000000E+02     1.32800000000000E+03
    2.22000000000000E+02     1.44700000000000E+03
    2.23000000000000E+02     1.37100000000000E+03
    2.24000000000000E+02     1.11400000000000E+03
    2.25000000000000E+02     1.13500000000000E+03
    2.26000000000000E+02     1.20900000000000E+03
    2.27000000000000E+02     1.13500000000000E+03
    2.28000000000000E+02     1.22500000000000E+03
    2.29000000000000E+02     1.22200000000000E+03
    2.30000000000000E+02     1.00100000000000E+03
    2.31000000000000E+02     8.89000000000000E+02
    2.32000000000000E+02     9.19000000000000E+02
    2.33000000000000E+02     1.06300000000000E+03
    2.34000000000000E+02     1.12400000000000E+03
    2.35000000000000E+02     1.10700000000000E+03
    2.36000000000000E+02     1.18400000000000E+03
    2.37000000000000E+02     1.20200000000000E+03
    2.38000000000000E+02     1.07800000000000E+03
    2.39000000000000E+02     9.76000000000000E+02
    2.40000000000000E+02     1.13200000000000E+03
    2.41000000000000E+02     1.12100000000000E+03
    2.42000000000000E+02     1.18600000000000E+03
    2.43000000000000E+02     1.25000000000000E+03
    2.44000000000000E+02     1.08400000000000E+03
    2.45000000000000E+02     1.00700000000000E+03
    2.46000000000000E+02     1.03000000000000E+03
    2.47000000000000E+02     1.15500000000000E+03
    2.48000000000000E+02     1.23600000000000E+03
    2.49000000000000E+02     1.17200000000000E+03
    2.50000000000000E+02     1.26900000000000E+03
    2.51000000000000E+02     1.28000000000000E+03
    2.52000000000000E+02     1.14500000000000E+03
    2.53000000000000E+02     1.07200000000000E+03
    2.54000000000000E+02     1.29700000000000E+03
    2.55000000000000E+02     1.11100000000000E+03
    2.56000000000000E+02     1.13100000000000E+03
    2.57000000000000E+02     1.15400000000000E+03
    2.58000000000000E+02     1.29700000000000E+03
    2.59000000000000E+02     1.22000000000000E+03
    2.60000000000000E+02     1.16200000000000E+03
    2.61000000000000E+02     1.25500000000000E+03
    2.62000000000000E+02     9.93000000000000E+02
    2.63000000000000E+02     1.01800000000000E+03
    2.64000000000000E+02     1.07600000000000E+03
    2.65000000000000E+02     1.25900000000000E+03
    2.66000000000000E+02     1.10900000000000E+03
    2.67000000000000E+02     1.19200000000000E+03
    2.68000000000000E+02     1.10300000000000E+03
    2.69000000000000E+02     1.17500000000000E+03
    2.70000000000000E+02     1.10500000000000E+03
    2.71000000000000E+02     1.21500000000000E+03
    2.72000000000000E+02     1.17300000000000E+03
    2.73000000000000E+02     1.17300000000000E+03
    2.74000000000000E+02     1.30600000000000E+03
    2.75000000000000E+02     1.24400000000000E+03
    2.76000000000000E+02     1.21100000000000E+03
    2.77000000000000E+02     1.24400000000000E+03
    2.78000000000000E+02     1.29400000000000E+03
    2.79000000000000E+02     1.21400000000000E+03
    2.80000000000000E+02     1.16300000000000E+03
    2.81000000000000E+02     1.08900000000000E+03
    2.82000000000000E+02     1.14400000000000E+03
    2.83000000000000E+02     1.16600000000000E+03
    2.84000000000000E+02     1.25200000000000E+03
    2.85000000000000E+02     1.26400000000000E+03
    2.86000000000000E+02     1.35900000000000E+03
    2.87000000000000E+02     1.37500000000000E+03
    2.88000000000000E+02     1.46300000000000E+03
    2.89000000000000E+02     1.42400000000000E+03
    2.90000000000000E+02     1.39900000000000E+03
    2.91000000000000E+02     1.32700000000000E+03
    2.92000000000000E+02     1.28100000000000E+03
    2.93000000000000E+02     1.44900000000000E+03
    2.94000000000000E+02     1.42400000000000E+03
    2.95000000000000E+02     1.53000000000000E+03
    2.96000000000000E+02     1.52400000000000E+03
    2.97000000000000E+02     1.74100000000000E+03
    2.98000000000000E+02     1.92100000000000E+03
    2.99000000000000E+02     1.93100000000000E+03
    3.00000000000000E+02     2.09300000000000E+03
    3.01000000000000E+02     2.14100000000000E+03
    3.02000000000000E+02     1.94700000000000E+03
    3.03000000000000E+02     2.18700000000000E+03
    3.04000000000000E+02     2.29300000000000E+03
    3.05000000000000E+02     2.13200000000000E+03
    3.06000000000000E+02     2.26400000000000E+03
    3.07000000000000E+02     2.45900000000000E+03
    3.08000000000000E+02     2.43000000000000E+03
    3.09000000000000E+02     2.59400000000000E+03
    3.10000000000000E+02     2.59100000000000E+03
    3.11000000000000E+02     2.56700000000000E+03
    3.12000000000000E+02     2.58800000000000E+03
    3.13000000000000E+02     2.79900000000000E+03
    3.14000000000000E+02     2.67300000000000E+03
    3.15000000000000E+02     2.84100000000000E+03
    3.16000000000000E+02     3.18200000000000E+03
    3.17000000000000E+02     2.98200000000000E+03
    3.18000000000000E+02     3.19900000000000E+03
    3.19000000000000E+02     3.28500000000000E+03
    3.20000000000000E+02     3.63500000000000E+03
    3.21000000000000E+02     3.85600000000000E+03
    3.22000000000000E+02     4.41900000000000E+03
    3.23000000000000E+02     4.73100000000000E+03
    3.24000000000000E+02     5.42900000000000E+03
    3.25000000000000E+02     6.17800000000000E+03
