    1.00000000000000E+00     1.07400000000000E+03
    2.00000000000000E+00     1.21900000000000E+03
    3.00000000000000E+00     1.12600000000000E+03
    4.00000000000000E+00     1.17300000000000E+03
    5.00000000000000E+00     1.29900000000000E+03
    6.00000000000000E+00     1.20500000000000E+03
    7.00000000000000E+00     1.28800000000000E+03
    8.00000000000000E+00     1.02100000000000E+03
    9.00000000000000E+00     9.66000000000000E+02
    1.00000000000000E+01     1.04600000000000E+03
    1.10000000000000E+01     1.06700000000000E+03
    1.20000000000000E+01     1.20000000000000E+03
    1.30000000000000E+01     1.16200000000000E+03
    1.40000000000000E+01     1.15200000000000E+03
    1.50000000000000E+01     1.18800000000000E+03
    1.60000000000000E+01     1.27400000000000E+03
    1.70000000000000E+01     1.22700000000000E+03
    1.80000000000000E+01     1.21800000000000E+03
    1.90000000000000E+01     1.23600000000000E+03
    2.00000000000000E+01     1.27400000000000E+03
    2.10000000000000E+01     1.12700000000000E+03
    2.20000000000000E+01     1.01500000000000E+03
    2.30000000000000E+01     1.02300000000000E+03
    2.40000000000000E+01     1.20800000000000E+03
    2.50000000000000E+01     1.13900000000000E+03
    2.60000000000000E+01     1.19500000000000E+03
    2.70000000000000E+01     1.26400000000000E+03
    2.80000000000000E+01     1.18600000000000E+03
    2.90000000000000E+01     1.34300000000000E+03
    3.00000000000000E+01     1.29000000000000E+03
    3.10000000000000E+01     1.38600000000000E+03
    3.20000000000000E+01     1.39000000000000E+03
    3.30000000000000E+01     1.33400000000000E+03
    3.40000000000000E+01     1.28900000000000E+03
    3.50000000000000E+01     1.31700000000000E+03
    3.60000000000000E+01     1.46300000000000E+03
    3.70000000000000E+01     1.24100000000000E+03
    3.80000000000000E+01     1.17800000000000E+03
    3.90000000000000E+01     9.85000000000000E+02
    4.00000000000000E+01     9.62000000000000E+02
    4.10000000000000E+01     1.15300000000000E+03
    4.20000000000000E+01     1.12500000000000E+03
    4.30000000000000E+01     1.29900000000000E+03
    4.40000000000000E+01     1.29300000000000E+03
    4.50000000000000E+01     1.39500000000000E+03
    4.60000000000000E+01     1.46300000000000E+03
    4.70000000000000E+01     1.43500000000000E+03
    4.80000000000000E+01     1.58300000000000E+03
    4.90000000000000E+01     1.59700000000000E+03
    5.00000000000000E+01     1.83700000000000E+03
    5.10000000000000E+01     2.11500000000000E+03
    5.20000000000000E+01     2.06100000000000E+03
    5.30000000000000E+01     2.09500000000000E+03
    5.40000000000000E+01     2.04700000000000E+03
    5.50000000000000E+01     2.15200000000000E+03
    5.60000000000000E+01     1.94900000000000E+03
    5.70000000000000E+01     2.15500000000000E+03
    5.80000000000000E+01     2.36300000000000E+03
    5.90000000000000E+01     2.55800000000000E+03
    6.00000000000000E+01     2.61700000000000E+03
    6.10000000000000E+01     2.67800000000000E+03
    6.20000000000000E+01     2.66500000000000E+03
    6.30000000000000E+01     2.72900000000000E+03
    6.40000000000000E+01     2.94700000000000E+03
    6.50000000000000E+01     3.14200000000000E+03
    6.60000000000000E+01     3.41200000000000E+03
    6.70000000000000E+01     3.76100000000000E+03
    6.80000000000000E+01     4.03900000000000E+03
    6.90000000000000E+01     4.32800000000000E+03
    7.00000000000000E+01     4.60200000000000E+03
    7.10000000000000E+01     5.24700000000000E+03
    7.20000000000000E+01     5.57000000000000E+03
    7.30000000000000E+01     5.77000000000000E+03
    7.40000000000000E+01     5.96300000000000E+03
    7.50000000000000E+01     6.03400000000000E+03
