    1.00000000000000E+00     1.08000000000000E+03
    2.00000000000000E+00     1.11000000000000E+03
    3.00000000000000E+00     1.32500000000000E+03
    4.00000000000000E+00     1.27100000000000E+03
    5.00000000000000E+00     1.21900000000000E+03
    6.00000000000000E+00     1.10400000000000E+03
    7.00000000000000E+00     9.98000000000000E+02
    8.00000000000000E+00     1.01900000000000E+03
    9.00000000000000E+00     1.05600000000000E+03
    1.00000000000000E+01     1.08600000000000E+03
    1.10000000000000E+01     1.06800000000000E+03
    1.20000000000000E+01     1.21800000000000E+03
    1.30000000000000E+01     1.02400000000000E+03
    1.40000000000000E+01     9.03000000000000E+02
    1.50000000000000E+01     9.86000000000000E+02
    1.60000000000000E+01     1.08800000000000E+03
    1.70000000000000E+01     1.21000000000000E+03
    1.80000000000000E+01     1.28700000000000E+03
    1.90000000000000E+01     1.29500000000000E+03
    2.00000000000000E+01     1.35300000000000E+03
    2.10000000000000E+01     1.24900000000000E+03
    2.20000000000000E+01     1.22100000000000E+03
    2.30000000000000E+01     1.23200000000000E+03
    2.40000000000000E+01     1.18900000000000E+03
    2.50000000000000E+01     9.87000000000000E+02
    2.60000000000000E+01     8.57000000000000E+02
    2.70000000000000E+01     8.88000000000000E+02
    2.80000000000000E+01     9.31000000000000E+02
    2.90000000000000E+01     1.06900000000000E+03
    3.00000000000000E+01     1.21600000000000E+03
    3.10000000000000E+01     1.19400000000000E+03
    3.20000000000000E+01     1.12000000000000E+03
    3.30000000000000E+01     1.02900000000000E+03
    3.40000000000000E+01     1.11800000000000E+03
    3.50000000000000E+01     1.22600000000000E+03
    3.60000000000000E+01     1.25600000000000E+03
    3.70000000000000E+01     1.08600000000000E+03
    3.80000000000000E+01     1.05900000000000E+03
    3.90000000000000E+01     1.20500000000000E+03
    4.00000000000000E+01     9.61000000000000E+02
    4.10000000000000E+01     9.55000000000000E+02
    4.20000000000000E+01     1.05600000000000E+03
    4.30000000000000E+01     1.09800000000000E+03
    4.40000000000000E+01     1.31100000000000E+03
    4.50000000000000E+01     1.19500000000000E+03
    4.60000000000000E+01     1.28300000000000E+03
    4.70000000000000E+01     1.42100000000000E+03
    4.80000000000000E+01     1.44100000000000E+03
    4.90000000000000E+01     1.31000000000000E+03
    5.00000000000000E+01     1.53400000000000E+03
    5.10000000000000E+01     1.62800000000000E+03
    5.20000000000000E+01     1.54700000000000E+03
    5.30000000000000E+01     1.57900000000000E+03
    5.40000000000000E+01     1.67000000000000E+03
    5.50000000000000E+01     1.92000000000000E+03
    5.60000000000000E+01     1.84000000000000E+03
    5.70000000000000E+01     1.91900000000000E+03
    5.80000000000000E+01     2.07300000000000E+03
    5.90000000000000E+01     2.42200000000000E+03
    6.00000000000000E+01     2.36400000000000E+03
    6.10000000000000E+01     2.49600000000000E+03
    6.20000000000000E+01     2.76300000000000E+03
    6.30000000000000E+01     2.73500000000000E+03
    6.40000000000000E+01     2.88100000000000E+03
    6.50000000000000E+01     2.95000000000000E+03
    6.60000000000000E+01     3.19000000000000E+03
    6.70000000000000E+01     3.66200000000000E+03
    6.80000000000000E+01     3.96200000000000E+03
    6.90000000000000E+01     3.73300000000000E+03
    7.00000000000000E+01     4.11800000000000E+03
    7.10000000000000E+01     4.29300000000000E+03
    7.20000000000000E+01     4.70100000000000E+03
    7.30000000000000E+01     5.13600000000000E+03
    7.40000000000000E+01     5.40300000000000E+03
    7.50000000000000E+01     5.88700000000000E+03
    7.60000000000000E+01     6.20300000000000E+03
