    1.00000000000000E+00     9.61000000000000E+02
    2.00000000000000E+00     1.12100000000000E+03
    3.00000000000000E+00     1.12000000000000E+03
    4.00000000000000E+00     1.23700000000000E+03
    5.00000000000000E+00     1.22600000000000E+03
    6.00000000000000E+00     1.24900000000000E+03
    7.00000000000000E+00     1.15700000000000E+03
    8.00000000000000E+00     1.12600000000000E+03
    9.00000000000000E+00     1.29400000000000E+03
    1.00000000000000E+01     1.22600000000000E+03
    1.10000000000000E+01     1.21900000000000E+03
    1.20000000000000E+01     1.19600000000000E+03
    1.30000000000000E+01     1.17600000000000E+03
    1.40000000000000E+01     1.22200000000000E+03
    1.50000000000000E+01     1.16500000000000E+03
    1.60000000000000E+01     1.18600000000000E+03
    1.70000000000000E+01     1.19100000000000E+03
    1.80000000000000E+01     1.11900000000000E+03
    1.90000000000000E+01     1.15400000000000E+03
    2.00000000000000E+01     1.38800000000000E+03
    2.10000000000000E+01     1.62400000000000E+03
    2.20000000000000E+01     1.77300000000000E+03
    2.30000000000000E+01     1.85900000000000E+03
    2.40000000000000E+01     1.78700000000000E+03
    2.50000000000000E+01     1.87100000000000E+03
    2.60000000000000E+01     1.78400000000000E+03
    2.70000000000000E+01     1.78500000000000E+03
    2.80000000000000E+01     1.85100000000000E+03
    2.90000000000000E+01     1.77900000000000E+03
    3.00000000000000E+01     2.09000000000000E+03
    3.10000000000000E+01     1.99300000000000E+03
    3.20000000000000E+01     1.93900000000000E+03
    3.30000000000000E+01     1.95400000000000E+03
    3.40000000000000E+01     1.87000000000000E+03
    3.50000000000000E+01     2.03200000000000E+03
    3.60000000000000E+01     1.84700000000000E+03
    3.70000000000000E+01     1.83900000000000E+03
    3.80000000000000E+01     1.99100000000000E+03
    3.90000000000000E+01     2.19100000000000E+03
    4.00000000000000E+01     1.97300000000000E+03
    4.10000000000000E+01     1.96400000000000E+03
    4.20000000000000E+01     2.20400000000000E+03
    4.30000000000000E+01     2.42100000000000E+03
    4.40000000000000E+01     2.54700000000000E+03
    4.50000000000000E+01     2.70900000000000E+03
    4.60000000000000E+01     2.44900000000000E+03
    4.70000000000000E+01     2.69600000000000E+03
    4.80000000000000E+01     2.73000000000000E+03
    4.90000000000000E+01     2.81500000000000E+03
    5.00000000000000E+01     2.88900000000000E+03
    5.10000000000000E+01     3.13400000000000E+03
    5.20000000000000E+01     3.28300000000000E+03
    5.30000000000000E+01     3.50900000000000E+03
    5.40000000000000E+01     3.88400000000000E+03
    5.50000000000000E+01     4.24000000000000E+03
    5.60000000000000E+01     4.58000000000000E+03
    5.70000000000000E+01     4.85100000000000E+03
    5.80000000000000E+01     5.16800000000000E+03
    5.90000000000000E+01     5.42700000000000E+03
    6.00000000000000E+01     5.60600000000000E+03
    6.10000000000000E+01     6.28800000000000E+03
