    1.00000000000000E+00     1.03600000000000E+03
    2.00000000000000E+00     1.14200000000000E+03
    3.00000000000000E+00     1.22700000000000E+03
    4.00000000000000E+00     1.12900000000000E+03
    5.00000000000000E+00     1.33100000000000E+03
    6.00000000000000E+00     1.20400000000000E+03
    7.00000000000000E+00     1.21900000000000E+03
    8.00000000000000E+00     1.16100000000000E+03
    9.00000000000000E+00     1.18900000000000E+03
    1.00000000000000E+01     1.08700000000000E+03
    1.10000000000000E+01     1.02200000000000E+03
    1.20000000000000E+01     1.07200000000000E+03
    1.30000000000000E+01     1.03600000000000E+03
    1.40000000000000E+01     1.19300000000000E+03
    1.50000000000000E+01     1.37700000000000E+03
    1.60000000000000E+01     1.46400000000000E+03
    1.70000000000000E+01     1.54800000000000E+03
    1.80000000000000E+01     1.73500000000000E+03
    1.90000000000000E+01     1.63800000000000E+03
    2.00000000000000E+01     1.65500000000000E+03
    2.10000000000000E+01     1.78600000000000E+03
    2.20000000000000E+01     1.83900000000000E+03
    2.30000000000000E+01     1.68500000000000E+03
    2.40000000000000E+01     1.65200000000000E+03
    2.50000000000000E+01     1.57700000000000E+03
    2.60000000000000E+01     1.73200000000000E+03
    2.70000000000000E+01     1.71600000000000E+03
    2.80000000000000E+01     1.61800000000000E+03
    2.90000000000000E+01     1.50200000000000E+03
    3.00000000000000E+01     1.69200000000000E+03
    3.10000000000000E+01     1.64100000000000E+03
    3.20000000000000E+01     1.59500000000000E+03
    3.30000000000000E+01     1.64400000000000E+03
    3.40000000000000E+01     1.81200000000000E+03
    3.50000000000000E+01     1.77000000000000E+03
    3.60000000000000E+01     1.61600000000000E+03
    3.70000000000000E+01     1.70700000000000E+03
    3.80000000000000E+01     1.76300000000000E+03
    3.90000000000000E+01     1.85100000000000E+03
    4.00000000000000E+01     1.75000000000000E+03
    4.10000000000000E+01     1.69300000000000E+03
    4.20000000000000E+01     1.80800000000000E+03
    4.30000000000000E+01     1.75300000000000E+03
    4.40000000000000E+01     1.78700000000000E+03
    4.50000000000000E+01     1.47300000000000E+03
    4.60000000000000E+01     1.61700000000000E+03
    4.70000000000000E+01     1.71000000000000E+03
    4.80000000000000E+01     1.60400000000000E+03
    4.90000000000000E+01     1.46000000000000E+03
    5.00000000000000E+01     1.30500000000000E+03
    5.10000000000000E+01     1.43400000000000E+03
    5.20000000000000E+01     1.36100000000000E+03
    5.30000000000000E+01     1.41700000000000E+03
    5.40000000000000E+01     1.38800000000000E+03
    5.50000000000000E+01     1.35900000000000E+03
    5.60000000000000E+01     1.50600000000000E+03
    5.70000000000000E+01     1.55100000000000E+03
    5.80000000000000E+01     1.69800000000000E+03
    5.90000000000000E+01     1.79600000000000E+03
    6.00000000000000E+01     1.72300000000000E+03
    6.10000000000000E+01     1.78300000000000E+03
    6.20000000000000E+01     1.76600000000000E+03
    6.30000000000000E+01     1.65400000000000E+03
    6.40000000000000E+01     1.63800000000000E+03
    6.50000000000000E+01     1.57300000000000E+03
    6.60000000000000E+01     1.66000000000000E+03
    6.70000000000000E+01     1.60500000000000E+03
    6.80000000000000E+01     1.76900000000000E+03
    6.90000000000000E+01     1.58100000000000E+03
    7.00000000000000E+01     1.78900000000000E+03
    7.10000000000000E+01     1.60900000000000E+03
    7.20000000000000E+01     1.52800000000000E+03
    7.30000000000000E+01     1.55900000000000E+03
    7.40000000000000E+01     1.57800000000000E+03
    7.50000000000000E+01     1.56700000000000E+03
    7.60000000000000E+01     1.64400000000000E+03
    7.70000000000000E+01     1.59800000000000E+03
    7.80000000000000E+01     1.55400000000000E+03
    7.90000000000000E+01     1.57500000000000E+03
    8.00000000000000E+01     1.63600000000000E+03
    8.10000000000000E+01     1.86800000000000E+03
    8.20000000000000E+01     1.80000000000000E+03
    8.30000000000000E+01     1.89300000000000E+03
    8.40000000000000E+01     1.80800000000000E+03
    8.50000000000000E+01     1.70200000000000E+03
    8.60000000000000E+01     1.58100000000000E+03
    8.70000000000000E+01     1.55400000000000E+03
    8.80000000000000E+01     1.50000000000000E+03
    8.90000000000000E+01     1.51800000000000E+03
    9.00000000000000E+01     1.63300000000000E+03
    9.10000000000000E+01     1.61000000000000E+03
    9.20000000000000E+01     1.42200000000000E+03
    9.30000000000000E+01     1.37200000000000E+03
    9.40000000000000E+01     1.38200000000000E+03
    9.50000000000000E+01     1.35400000000000E+03
    9.60000000000000E+01     1.12400000000000E+03
    9.70000000000000E+01     3.85000000000000E+02
    9.80000000000000E+01     6.43000000000000E+02
    9.90000000000000E+01     7.58000000000000E+02
    1.00000000000000E+02     8.25000000000000E+02
    1.01000000000000E+02     9.01000000000000E+02
    1.02000000000000E+02     9.55000000000000E+02
    1.03000000000000E+02     1.01700000000000E+03
    1.04000000000000E+02     1.10800000000000E+03
    1.05000000000000E+02     1.38500000000000E+03
    1.06000000000000E+02     1.23900000000000E+03
    1.07000000000000E+02     1.11600000000000E+03
    1.08000000000000E+02     1.08800000000000E+03
    1.09000000000000E+02     1.14200000000000E+03
    1.10000000000000E+02     1.26300000000000E+03
    1.11000000000000E+02     1.13800000000000E+03
    1.12000000000000E+02     1.22700000000000E+03
    1.13000000000000E+02     1.33200000000000E+03
    1.14000000000000E+02     1.24100000000000E+03
    1.15000000000000E+02     1.22600000000000E+03
    1.16000000000000E+02     1.17600000000000E+03
    1.17000000000000E+02     1.40500000000000E+03
    1.18000000000000E+02     1.32000000000000E+03
    1.19000000000000E+02     1.33700000000000E+03
    1.20000000000000E+02     1.20200000000000E+03
    1.21000000000000E+02     1.20300000000000E+03
    1.22000000000000E+02     1.32400000000000E+03
    1.23000000000000E+02     1.11300000000000E+03
    1.24000000000000E+02     9.93000000000000E+02
    1.25000000000000E+02     1.05600000000000E+03
    1.26000000000000E+02     1.13700000000000E+03
    1.27000000000000E+02     1.19300000000000E+03
    1.28000000000000E+02     1.28700000000000E+03
    1.29000000000000E+02     1.36300000000000E+03
    1.30000000000000E+02     1.24100000000000E+03
    1.31000000000000E+02     1.30000000000000E+03
    1.32000000000000E+02     1.38300000000000E+03
    1.33000000000000E+02     1.30700000000000E+03
    1.34000000000000E+02     1.14600000000000E+03
    1.35000000000000E+02     8.84000000000000E+02
    1.36000000000000E+02     8.69000000000000E+02
    1.37000000000000E+02     9.15000000000000E+02
    1.38000000000000E+02     1.08700000000000E+03
    1.39000000000000E+02     1.13100000000000E+03
    1.40000000000000E+02     1.36900000000000E+03
    1.41000000000000E+02     1.24100000000000E+03
    1.42000000000000E+02     1.24700000000000E+03
    1.43000000000000E+02     1.04500000000000E+03
    1.44000000000000E+02     8.42000000000000E+02
    1.45000000000000E+02     9.41000000000000E+02
    1.46000000000000E+02     9.14000000000000E+02
    1.47000000000000E+02     1.04900000000000E+03
    1.48000000000000E+02     1.09400000000000E+03
    1.49000000000000E+02     1.31700000000000E+03
    1.50000000000000E+02     1.37100000000000E+03
    1.51000000000000E+02     1.25500000000000E+03
    1.52000000000000E+02     1.40000000000000E+03
    1.53000000000000E+02     1.24100000000000E+03
    1.54000000000000E+02     1.14700000000000E+03
    1.55000000000000E+02     1.25900000000000E+03
    1.56000000000000E+02     9.99000000000000E+02
    1.57000000000000E+02     8.67000000000000E+02
    1.58000000000000E+02     9.94000000000000E+02
    1.59000000000000E+02     9.81000000000000E+02
    1.60000000000000E+02     9.91000000000000E+02
    1.61000000000000E+02     1.05800000000000E+03
    1.62000000000000E+02     1.08600000000000E+03
    1.63000000000000E+02     1.21300000000000E+03
    1.64000000000000E+02     1.12100000000000E+03
    1.65000000000000E+02     1.15100000000000E+03
    1.66000000000000E+02     1.17900000000000E+03
    1.67000000000000E+02     1.32700000000000E+03
    1.68000000000000E+02     1.30600000000000E+03
    1.69000000000000E+02     1.14500000000000E+03
    1.70000000000000E+02     1.07400000000000E+03
    1.71000000000000E+02     1.14000000000000E+03
    1.72000000000000E+02     1.24100000000000E+03
    1.73000000000000E+02     1.16200000000000E+03
    1.74000000000000E+02     1.16700000000000E+03
    1.75000000000000E+02     1.14300000000000E+03
    1.76000000000000E+02     1.14800000000000E+03
    1.77000000000000E+02     1.26900000000000E+03
    1.78000000000000E+02     1.10000000000000E+03
    1.79000000000000E+02     1.13200000000000E+03
    1.80000000000000E+02     1.10600000000000E+03
    1.81000000000000E+02     1.17000000000000E+03
    1.82000000000000E+02     1.12600000000000E+03
    1.83000000000000E+02     1.10400000000000E+03
    1.84000000000000E+02     1.24300000000000E+03
    1.85000000000000E+02     1.30500000000000E+03
    1.86000000000000E+02     1.40300000000000E+03
    1.87000000000000E+02     1.34500000000000E+03
    1.88000000000000E+02     1.25200000000000E+03
    1.89000000000000E+02     1.10200000000000E+03
    1.90000000000000E+02     9.72000000000000E+02
    1.91000000000000E+02     9.76000000000000E+02
    1.92000000000000E+02     9.78000000000000E+02
    1.93000000000000E+02     1.00100000000000E+03
    1.94000000000000E+02     1.10300000000000E+03
    1.95000000000000E+02     1.25900000000000E+03
    1.96000000000000E+02     1.07900000000000E+03
    1.97000000000000E+02     1.26400000000000E+03
    1.98000000000000E+02     1.24600000000000E+03
    1.99000000000000E+02     1.12100000000000E+03
    2.00000000000000E+02     1.05900000000000E+03
    2.01000000000000E+02     1.09600000000000E+03
    2.02000000000000E+02     1.22300000000000E+03
    2.03000000000000E+02     1.12000000000000E+03
    2.04000000000000E+02     1.15400000000000E+03
    2.05000000000000E+02     1.32700000000000E+03
    2.06000000000000E+02     1.24100000000000E+03
    2.07000000000000E+02     1.11000000000000E+03
    2.08000000000000E+02     1.21500000000000E+03
    2.09000000000000E+02     9.76000000000000E+02
    2.10000000000000E+02     9.33000000000000E+02
    2.11000000000000E+02     9.57000000000000E+02
    2.12000000000000E+02     1.13700000000000E+03
    2.13000000000000E+02     1.20400000000000E+03
    2.14000000000000E+02     9.61000000000000E+02
    2.15000000000000E+02     8.80000000000000E+02
    2.16000000000000E+02     9.82000000000000E+02
    2.17000000000000E+02     1.17100000000000E+03
    2.18000000000000E+02     1.28500000000000E+03
    2.19000000000000E+02     1.23800000000000E+03
    2.20000000000000E+02     1.30700000000000E+03
    2.21000000000000E+02     1.19600000000000E+03
    2.22000000000000E+02     1.14400000000000E+03
    2.23000000000000E+02     1.15600000000000E+03
    2.24000000000000E+02     1.24900000000000E+03
    2.25000000000000E+02     1.19300000000000E+03
    2.26000000000000E+02     1.46100000000000E+03
    2.27000000000000E+02     1.45100000000000E+03
    2.28000000000000E+02     1.50100000000000E+03
    2.29000000000000E+02     1.53600000000000E+03
    2.30000000000000E+02     1.53500000000000E+03
    2.31000000000000E+02     1.36600000000000E+03
    2.32000000000000E+02     1.54400000000000E+03
    2.33000000000000E+02     1.37800000000000E+03
    2.34000000000000E+02     1.56900000000000E+03
    2.35000000000000E+02     1.61900000000000E+03
    2.36000000000000E+02     1.74800000000000E+03
    2.37000000000000E+02     1.64100000000000E+03
    2.38000000000000E+02     1.59000000000000E+03
    2.39000000000000E+02     1.59200000000000E+03
    2.40000000000000E+02     1.59900000000000E+03
    2.41000000000000E+02     1.55200000000000E+03
    2.42000000000000E+02     1.45500000000000E+03
    2.43000000000000E+02     1.27700000000000E+03
    2.44000000000000E+02     1.15300000000000E+03
    2.45000000000000E+02     7.87000000000000E+02
    2.46000000000000E+02     8.73000000000000E+02
    2.47000000000000E+02     9.95000000000000E+02
    2.48000000000000E+02     1.05400000000000E+03
    2.49000000000000E+02     1.11900000000000E+03
    2.50000000000000E+02     1.39600000000000E+03
    2.51000000000000E+02     1.39500000000000E+03
    2.52000000000000E+02     1.39800000000000E+03
    2.53000000000000E+02     1.22600000000000E+03
    2.54000000000000E+02     1.10400000000000E+03
    2.55000000000000E+02     1.04900000000000E+03
    2.56000000000000E+02     1.08200000000000E+03
    2.57000000000000E+02     9.80000000000000E+02
    2.58000000000000E+02     1.06900000000000E+03
    2.59000000000000E+02     1.12200000000000E+03
    2.60000000000000E+02     1.28100000000000E+03
    2.61000000000000E+02     1.30900000000000E+03
    2.62000000000000E+02     1.39300000000000E+03
    2.63000000000000E+02     1.38800000000000E+03
    2.64000000000000E+02     1.49900000000000E+03
    2.65000000000000E+02     1.56700000000000E+03
    2.66000000000000E+02     1.88100000000000E+03
    2.67000000000000E+02     1.73900000000000E+03
    2.68000000000000E+02     1.87200000000000E+03
    2.69000000000000E+02     1.79800000000000E+03
    2.70000000000000E+02     1.74400000000000E+03
    2.71000000000000E+02     1.66200000000000E+03
    2.72000000000000E+02     1.52900000000000E+03
    2.73000000000000E+02     1.69600000000000E+03
    2.74000000000000E+02     1.61900000000000E+03
    2.75000000000000E+02     1.54000000000000E+03
    2.76000000000000E+02     1.56400000000000E+03
    2.77000000000000E+02     1.38900000000000E+03
    2.78000000000000E+02     1.45900000000000E+03
    2.79000000000000E+02     1.56400000000000E+03
    2.80000000000000E+02     1.46600000000000E+03
    2.81000000000000E+02     1.47800000000000E+03
    2.82000000000000E+02     1.46000000000000E+03
    2.83000000000000E+02     1.55200000000000E+03
    2.84000000000000E+02     1.38300000000000E+03
    2.85000000000000E+02     1.45400000000000E+03
    2.86000000000000E+02     1.41800000000000E+03
    2.87000000000000E+02     1.26600000000000E+03
    2.88000000000000E+02     1.23600000000000E+03
    2.89000000000000E+02     1.15200000000000E+03
    2.90000000000000E+02     7.05000000000000E+02
    2.91000000000000E+02     8.40000000000000E+02
    2.92000000000000E+02     8.60000000000000E+02
    2.93000000000000E+02     8.55000000000000E+02
    2.94000000000000E+02     9.61000000000000E+02
    2.95000000000000E+02     1.00100000000000E+03
    2.96000000000000E+02     1.12000000000000E+03
    2.97000000000000E+02     1.22200000000000E+03
    2.98000000000000E+02     1.16900000000000E+03
    2.99000000000000E+02     1.12000000000000E+03
    3.00000000000000E+02     1.23700000000000E+03
    3.01000000000000E+02     1.13600000000000E+03
    3.02000000000000E+02     1.14200000000000E+03
    3.03000000000000E+02     1.23200000000000E+03
    3.04000000000000E+02     1.22200000000000E+03
    3.05000000000000E+02     1.22100000000000E+03
    3.06000000000000E+02     1.30000000000000E+03
    3.07000000000000E+02     1.35900000000000E+03
    3.08000000000000E+02     1.39400000000000E+03
    3.09000000000000E+02     1.52100000000000E+03
    3.10000000000000E+02     1.52500000000000E+03
    3.11000000000000E+02     1.49400000000000E+03
    3.12000000000000E+02     1.45200000000000E+03
    3.13000000000000E+02     1.38400000000000E+03
    3.14000000000000E+02     1.57600000000000E+03
    3.15000000000000E+02     1.60600000000000E+03
    3.16000000000000E+02     1.66400000000000E+03
    3.17000000000000E+02     1.70700000000000E+03
    3.18000000000000E+02     1.77400000000000E+03
    3.19000000000000E+02     1.83700000000000E+03
    3.20000000000000E+02     1.89500000000000E+03
    3.21000000000000E+02     1.95400000000000E+03
    3.22000000000000E+02     1.85700000000000E+03
    3.23000000000000E+02     2.31800000000000E+03
    3.24000000000000E+02     2.42000000000000E+03
    3.25000000000000E+02     2.55400000000000E+03
    3.26000000000000E+02     2.86500000000000E+03
    3.27000000000000E+02     2.88900000000000E+03
    3.28000000000000E+02     3.07400000000000E+03
    3.29000000000000E+02     3.00600000000000E+03
    3.30000000000000E+02     3.10400000000000E+03
    3.31000000000000E+02     3.20700000000000E+03
    3.32000000000000E+02     3.59900000000000E+03
    3.33000000000000E+02     3.61400000000000E+03
    3.34000000000000E+02     3.84500000000000E+03
    3.35000000000000E+02     4.21500000000000E+03
    3.36000000000000E+02     4.69100000000000E+03
    3.37000000000000E+02     4.88200000000000E+03
    3.38000000000000E+02     5.44800000000000E+03
    3.39000000000000E+02     5.59100000000000E+03
    3.40000000000000E+02     6.01900000000000E+03
