    1.00000000000000E+00     1.00400000000000E+03
    2.00000000000000E+00     1.15000000000000E+03
    3.00000000000000E+00     1.29600000000000E+03
    4.00000000000000E+00     1.20000000000000E+03
    5.00000000000000E+00     1.11400000000000E+03
    6.00000000000000E+00     1.16100000000000E+03
    7.00000000000000E+00     1.15500000000000E+03
    8.00000000000000E+00     1.22900000000000E+03
    9.00000000000000E+00     1.08900000000000E+03
    1.00000000000000E+01     1.05900000000000E+03
    1.10000000000000E+01     1.05500000000000E+03
    1.20000000000000E+01     1.13500000000000E+03
    1.30000000000000E+01     1.15100000000000E+03
    1.40000000000000E+01     1.32200000000000E+03
    1.50000000000000E+01     1.22800000000000E+03
    1.60000000000000E+01     1.25100000000000E+03
    1.70000000000000E+01     1.22800000000000E+03
    1.80000000000000E+01     1.24500000000000E+03
    1.90000000000000E+01     1.07800000000000E+03
    2.00000000000000E+01     8.92000000000000E+02
    2.10000000000000E+01     8.80000000000000E+02
    2.20000000000000E+01     8.19000000000000E+02
    2.30000000000000E+01     9.69000000000000E+02
    2.40000000000000E+01     1.01900000000000E+03
    2.50000000000000E+01     1.02600000000000E+03
    2.60000000000000E+01     1.09800000000000E+03
    2.70000000000000E+01     1.13600000000000E+03
    2.80000000000000E+01     1.39900000000000E+03
    2.90000000000000E+01     1.44400000000000E+03
    3.00000000000000E+01     1.30900000000000E+03
    3.10000000000000E+01     1.35900000000000E+03
    3.20000000000000E+01     1.37600000000000E+03
    3.30000000000000E+01     1.22000000000000E+03
    3.40000000000000E+01     1.38900000000000E+03
    3.50000000000000E+01     1.56000000000000E+03
    3.60000000000000E+01     1.52400000000000E+03
    3.70000000000000E+01     1.40700000000000E+03
    3.80000000000000E+01     1.37600000000000E+03
    3.90000000000000E+01     1.41100000000000E+03
    4.00000000000000E+01     1.32300000000000E+03
    4.10000000000000E+01     1.20100000000000E+03
    4.20000000000000E+01     1.10200000000000E+03
    4.30000000000000E+01     8.75000000000000E+02
    4.40000000000000E+01     8.84000000000000E+02
    4.50000000000000E+01     9.33000000000000E+02
    4.60000000000000E+01     9.70000000000000E+02
    4.70000000000000E+01     1.01600000000000E+03
    4.80000000000000E+01     1.05300000000000E+03
    4.90000000000000E+01     1.15400000000000E+03
    5.00000000000000E+01     1.27400000000000E+03
    5.10000000000000E+01     1.22700000000000E+03
    5.20000000000000E+01     1.20100000000000E+03
    5.30000000000000E+01     1.19800000000000E+03
    5.40000000000000E+01     1.21300000000000E+03
    5.50000000000000E+01     1.21100000000000E+03
    5.60000000000000E+01     1.12900000000000E+03
    5.70000000000000E+01     1.08600000000000E+03
    5.80000000000000E+01     1.13400000000000E+03
    5.90000000000000E+01     1.14900000000000E+03
    6.00000000000000E+01     1.23200000000000E+03
    6.10000000000000E+01     1.11700000000000E+03
    6.20000000000000E+01     1.11000000000000E+03
    6.30000000000000E+01     1.19100000000000E+03
    6.40000000000000E+01     1.21300000000000E+03
    6.50000000000000E+01     1.32100000000000E+03
    6.60000000000000E+01     1.14500000000000E+03
    6.70000000000000E+01     1.10000000000000E+03
    6.80000000000000E+01     1.23000000000000E+03
    6.90000000000000E+01     1.02200000000000E+03
    7.00000000000000E+01     9.44000000000000E+02
    7.10000000000000E+01     1.04600000000000E+03
    7.20000000000000E+01     1.02400000000000E+03
    7.30000000000000E+01     1.06300000000000E+03
    7.40000000000000E+01     1.20400000000000E+03
    7.50000000000000E+01     1.20200000000000E+03
    7.60000000000000E+01     1.10000000000000E+03
    7.70000000000000E+01     1.07300000000000E+03
    7.80000000000000E+01     1.16000000000000E+03
    7.90000000000000E+01     1.23200000000000E+03
    8.00000000000000E+01     1.13100000000000E+03
    8.10000000000000E+01     1.30900000000000E+03
    8.20000000000000E+01     1.20800000000000E+03
    8.30000000000000E+01     1.25800000000000E+03
    8.40000000000000E+01     1.26800000000000E+03
    8.50000000000000E+01     1.30200000000000E+03
    8.60000000000000E+01     1.18800000000000E+03
    8.70000000000000E+01     1.20300000000000E+03
    8.80000000000000E+01     1.14300000000000E+03
    8.90000000000000E+01     1.16700000000000E+03
    9.00000000000000E+01     1.16300000000000E+03
    9.10000000000000E+01     1.25000000000000E+03
    9.20000000000000E+01     1.29500000000000E+03
    9.30000000000000E+01     1.12800000000000E+03
    9.40000000000000E+01     1.16400000000000E+03
    9.50000000000000E+01     1.29600000000000E+03
    9.60000000000000E+01     1.50800000000000E+03
    9.70000000000000E+01     1.51800000000000E+03
    9.80000000000000E+01     1.60900000000000E+03
    9.90000000000000E+01     1.44000000000000E+03
    1.00000000000000E+02     1.47700000000000E+03
    1.01000000000000E+02     1.43200000000000E+03
    1.02000000000000E+02     1.47600000000000E+03
    1.03000000000000E+02     1.44200000000000E+03
    1.04000000000000E+02     1.38900000000000E+03
    1.05000000000000E+02     1.52200000000000E+03
    1.06000000000000E+02     1.48200000000000E+03
    1.07000000000000E+02     1.66000000000000E+03
    1.08000000000000E+02     1.59900000000000E+03
    1.09000000000000E+02     1.56500000000000E+03
    1.10000000000000E+02     1.63700000000000E+03
    1.11000000000000E+02     1.39900000000000E+03
    1.12000000000000E+02     1.38900000000000E+03
    1.13000000000000E+02     1.17200000000000E+03
    1.14000000000000E+02     1.03900000000000E+03
    1.15000000000000E+02     1.00100000000000E+03
    1.16000000000000E+02     1.05800000000000E+03
    1.17000000000000E+02     1.16400000000000E+03
    1.18000000000000E+02     1.25300000000000E+03
    1.19000000000000E+02     1.26500000000000E+03
    1.20000000000000E+02     1.17900000000000E+03
    1.21000000000000E+02     1.20900000000000E+03
    1.22000000000000E+02     1.14500000000000E+03
    1.23000000000000E+02     1.06600000000000E+03
    1.24000000000000E+02     1.05000000000000E+03
    1.25000000000000E+02     1.03700000000000E+03
    1.26000000000000E+02     1.10500000000000E+03
    1.27000000000000E+02     1.06200000000000E+03
    1.28000000000000E+02     1.05800000000000E+03
    1.29000000000000E+02     1.06500000000000E+03
    1.30000000000000E+02     1.16600000000000E+03
    1.31000000000000E+02     1.26400000000000E+03
    1.32000000000000E+02     1.18800000000000E+03
    1.33000000000000E+02     1.24900000000000E+03
    1.34000000000000E+02     1.18300000000000E+03
    1.35000000000000E+02     1.16400000000000E+03
    1.36000000000000E+02     1.12000000000000E+03
    1.37000000000000E+02     1.15500000000000E+03
    1.38000000000000E+02     1.18300000000000E+03
    1.39000000000000E+02     1.34400000000000E+03
    1.40000000000000E+02     1.42000000000000E+03
    1.41000000000000E+02     1.44000000000000E+03
    1.42000000000000E+02     1.49800000000000E+03
    1.43000000000000E+02     1.42600000000000E+03
    1.44000000000000E+02     1.28800000000000E+03
    1.45000000000000E+02     1.22800000000000E+03
    1.46000000000000E+02     1.20000000000000E+03
    1.47000000000000E+02     1.27700000000000E+03
    1.48000000000000E+02     1.22900000000000E+03
    1.49000000000000E+02     1.27000000000000E+03
    1.50000000000000E+02     1.25600000000000E+03
    1.51000000000000E+02     1.33400000000000E+03
    1.52000000000000E+02     1.29000000000000E+03
    1.53000000000000E+02     1.19500000000000E+03
    1.54000000000000E+02     1.05100000000000E+03
    1.55000000000000E+02     8.98000000000000E+02
    1.56000000000000E+02     9.92000000000000E+02
    1.57000000000000E+02     1.00600000000000E+03
    1.58000000000000E+02     1.08900000000000E+03
    1.59000000000000E+02     1.05900000000000E+03
    1.60000000000000E+02     1.14800000000000E+03
    1.61000000000000E+02     1.21400000000000E+03
    1.62000000000000E+02     1.19100000000000E+03
    1.63000000000000E+02     1.28400000000000E+03
    1.64000000000000E+02     1.18200000000000E+03
    1.65000000000000E+02     1.32700000000000E+03
    1.66000000000000E+02     1.26300000000000E+03
    1.67000000000000E+02     1.35500000000000E+03
    1.68000000000000E+02     1.30000000000000E+03
    1.69000000000000E+02     1.38300000000000E+03
    1.70000000000000E+02     1.36700000000000E+03
    1.71000000000000E+02     1.38000000000000E+03
    1.72000000000000E+02     1.30500000000000E+03
    1.73000000000000E+02     1.38600000000000E+03
    1.74000000000000E+02     1.21100000000000E+03
    1.75000000000000E+02     1.06100000000000E+03
    1.76000000000000E+02     6.85000000000000E+02
    1.77000000000000E+02     6.97000000000000E+02
    1.78000000000000E+02     7.89000000000000E+02
    1.79000000000000E+02     8.90000000000000E+02
    1.80000000000000E+02     8.89000000000000E+02
    1.81000000000000E+02     9.77000000000000E+02
    1.82000000000000E+02     1.09900000000000E+03
    1.83000000000000E+02     1.08600000000000E+03
    1.84000000000000E+02     1.22100000000000E+03
    1.85000000000000E+02     1.36300000000000E+03
    1.86000000000000E+02     1.37100000000000E+03
    1.87000000000000E+02     1.49000000000000E+03
    1.88000000000000E+02     1.45600000000000E+03
    1.89000000000000E+02     1.57800000000000E+03
    1.90000000000000E+02     1.50900000000000E+03
    1.91000000000000E+02     1.69900000000000E+03
    1.92000000000000E+02     1.89200000000000E+03
    1.93000000000000E+02     1.85500000000000E+03
    1.94000000000000E+02     1.95700000000000E+03
    1.95000000000000E+02     1.99700000000000E+03
    1.96000000000000E+02     2.06300000000000E+03
    1.97000000000000E+02     2.21200000000000E+03
    1.98000000000000E+02     2.12900000000000E+03
    1.99000000000000E+02     2.13500000000000E+03
    2.00000000000000E+02     2.40300000000000E+03
    2.01000000000000E+02     2.38200000000000E+03
    2.02000000000000E+02     2.51000000000000E+03
    2.03000000000000E+02     2.62600000000000E+03
    2.04000000000000E+02     2.45200000000000E+03
    2.05000000000000E+02     2.49600000000000E+03
    2.06000000000000E+02     2.90300000000000E+03
    2.07000000000000E+02     3.11100000000000E+03
    2.08000000000000E+02     3.15500000000000E+03
    2.09000000000000E+02     3.67100000000000E+03
    2.10000000000000E+02     3.96400000000000E+03
    2.11000000000000E+02     3.94700000000000E+03
    2.12000000000000E+02     4.40200000000000E+03
    2.13000000000000E+02     4.93300000000000E+03
    2.14000000000000E+02     5.35800000000000E+03
    2.15000000000000E+02     5.51900000000000E+03
    2.16000000000000E+02     5.90400000000000E+03
    2.17000000000000E+02     6.39500000000000E+03
