    1.00000000000000E+00     1.02600000000000E+03
    2.00000000000000E+00     1.14900000000000E+03
    3.00000000000000E+00     1.23700000000000E+03
    4.00000000000000E+00     1.23500000000000E+03
    5.00000000000000E+00     1.19200000000000E+03
    6.00000000000000E+00     1.32700000000000E+03
    7.00000000000000E+00     1.22000000000000E+03
    8.00000000000000E+00     9.60000000000000E+02
    9.00000000000000E+00     8.68000000000000E+02
    1.00000000000000E+01     9.42000000000000E+02
    1.10000000000000E+01     1.10700000000000E+03
    1.20000000000000E+01     1.09000000000000E+03
    1.30000000000000E+01     1.26500000000000E+03
    1.40000000000000E+01     1.29900000000000E+03
    1.50000000000000E+01     1.44900000000000E+03
    1.60000000000000E+01     1.45400000000000E+03
    1.70000000000000E+01     1.32600000000000E+03
    1.80000000000000E+01     1.00900000000000E+03
    1.90000000000000E+01     1.03100000000000E+03
    2.00000000000000E+01     1.09500000000000E+03
    2.10000000000000E+01     1.13700000000000E+03
    2.20000000000000E+01     1.24100000000000E+03
    2.30000000000000E+01     1.08800000000000E+03
    2.40000000000000E+01     1.05200000000000E+03
    2.50000000000000E+01     1.21000000000000E+03
    2.60000000000000E+01     1.00400000000000E+03
    2.70000000000000E+01     1.10100000000000E+03
    2.80000000000000E+01     1.26600000000000E+03
    2.90000000000000E+01     1.21600000000000E+03
    3.00000000000000E+01     1.29800000000000E+03
    3.10000000000000E+01     1.35200000000000E+03
    3.20000000000000E+01     1.47200000000000E+03
    3.30000000000000E+01     1.38900000000000E+03
    3.40000000000000E+01     1.43600000000000E+03
    3.50000000000000E+01     1.54600000000000E+03
    3.60000000000000E+01     1.49900000000000E+03
    3.70000000000000E+01     1.40900000000000E+03
    3.80000000000000E+01     1.50000000000000E+03
    3.90000000000000E+01     1.42900000000000E+03
    4.00000000000000E+01     1.30000000000000E+03
    4.10000000000000E+01     1.40200000000000E+03
    4.20000000000000E+01     1.49200000000000E+03
    4.30000000000000E+01     1.61600000000000E+03
    4.40000000000000E+01     1.64400000000000E+03
    4.50000000000000E+01     1.42800000000000E+03
    4.60000000000000E+01     1.55000000000000E+03
    4.70000000000000E+01     1.51000000000000E+03
    4.80000000000000E+01     1.49100000000000E+03
    4.90000000000000E+01     1.59900000000000E+03
    5.00000000000000E+01     1.66900000000000E+03
    5.10000000000000E+01     1.86600000000000E+03
    5.20000000000000E+01     1.90300000000000E+03
    5.30000000000000E+01     1.84900000000000E+03
    5.40000000000000E+01     2.01300000000000E+03
    5.50000000000000E+01     1.89000000000000E+03
    5.60000000000000E+01     2.11100000000000E+03
    5.70000000000000E+01     2.06600000000000E+03
    5.80000000000000E+01     2.50000000000000E+03
    5.90000000000000E+01     2.54000000000000E+03
    6.00000000000000E+01     2.64400000000000E+03
    6.10000000000000E+01     2.84600000000000E+03
    6.20000000000000E+01     2.81800000000000E+03
    6.30000000000000E+01     2.79300000000000E+03
    6.40000000000000E+01     2.99500000000000E+03
    6.50000000000000E+01     3.12600000000000E+03
    6.60000000000000E+01     3.42900000000000E+03
    6.70000000000000E+01     3.47300000000000E+03
    6.80000000000000E+01     3.75500000000000E+03
    6.90000000000000E+01     4.00100000000000E+03
    7.00000000000000E+01     4.16400000000000E+03
    7.10000000000000E+01     4.29300000000000E+03
    7.20000000000000E+01     4.44200000000000E+03
    7.30000000000000E+01     4.76100000000000E+03
    7.40000000000000E+01     5.12200000000000E+03
    7.50000000000000E+01     5.55600000000000E+03
    7.60000000000000E+01     5.92400000000000E+03
    7.70000000000000E+01     6.42000000000000E+03
