    1.00000000000000E+00     1.01200000000000E+03
    2.00000000000000E+00     1.03800000000000E+03
    3.00000000000000E+00     1.07200000000000E+03
    4.00000000000000E+00     1.10700000000000E+03
    5.00000000000000E+00     1.19100000000000E+03
    6.00000000000000E+00     1.30100000000000E+03
    7.00000000000000E+00     1.29300000000000E+03
    8.00000000000000E+00     1.12900000000000E+03
    9.00000000000000E+00     1.09400000000000E+03
    1.00000000000000E+01     1.16800000000000E+03
    1.10000000000000E+01     1.31800000000000E+03
    1.20000000000000E+01     1.38100000000000E+03
    1.30000000000000E+01     1.22600000000000E+03
    1.40000000000000E+01     1.28300000000000E+03
    1.50000000000000E+01     1.17400000000000E+03
    1.60000000000000E+01     1.16800000000000E+03
    1.70000000000000E+01     1.19900000000000E+03
    1.80000000000000E+01     1.20300000000000E+03
    1.90000000000000E+01     1.08400000000000E+03
    2.00000000000000E+01     9.63000000000000E+02
    2.10000000000000E+01     9.90000000000000E+02
    2.20000000000000E+01     9.76000000000000E+02
    2.30000000000000E+01     9.43000000000000E+02
    2.40000000000000E+01     1.01300000000000E+03
    2.50000000000000E+01     1.03400000000000E+03
    2.60000000000000E+01     1.09900000000000E+03
    2.70000000000000E+01     1.13300000000000E+03
    2.80000000000000E+01     1.18500000000000E+03
    2.90000000000000E+01     1.06400000000000E+03
    3.00000000000000E+01     1.02800000000000E+03
    3.10000000000000E+01     1.03100000000000E+03
    3.20000000000000E+01     1.14500000000000E+03
    3.30000000000000E+01     1.10900000000000E+03
    3.40000000000000E+01     1.15300000000000E+03
    3.50000000000000E+01     1.18100000000000E+03
    3.60000000000000E+01     1.18600000000000E+03
    3.70000000000000E+01     1.24500000000000E+03
    3.80000000000000E+01     1.33100000000000E+03
    3.90000000000000E+01     1.38700000000000E+03
    4.00000000000000E+01     1.49100000000000E+03
    4.10000000000000E+01     1.45000000000000E+03
    4.20000000000000E+01     1.54900000000000E+03
    4.30000000000000E+01     1.38200000000000E+03
    4.40000000000000E+01     1.47400000000000E+03
    4.50000000000000E+01     1.39800000000000E+03
    4.60000000000000E+01     1.20300000000000E+03
    4.70000000000000E+01     1.25200000000000E+03
    4.80000000000000E+01     1.21000000000000E+03
    4.90000000000000E+01     1.32500000000000E+03
    5.00000000000000E+01     1.45100000000000E+03
    5.10000000000000E+01     1.64600000000000E+03
    5.20000000000000E+01     1.71000000000000E+03
    5.30000000000000E+01     1.62500000000000E+03
    5.40000000000000E+01     1.48100000000000E+03
    5.50000000000000E+01     1.57400000000000E+03
    5.60000000000000E+01     1.48300000000000E+03
    5.70000000000000E+01     1.56200000000000E+03
    5.80000000000000E+01     1.48600000000000E+03
    5.90000000000000E+01     1.44200000000000E+03
    6.00000000000000E+01     1.49000000000000E+03
    6.10000000000000E+01     1.50000000000000E+03
    6.20000000000000E+01     1.59100000000000E+03
    6.30000000000000E+01     1.62400000000000E+03
    6.40000000000000E+01     1.66300000000000E+03
    6.50000000000000E+01     1.59300000000000E+03
    6.60000000000000E+01     1.57000000000000E+03
    6.70000000000000E+01     1.45100000000000E+03
    6.80000000000000E+01     1.26900000000000E+03
    6.90000000000000E+01     1.41900000000000E+03
    7.00000000000000E+01     1.50500000000000E+03
    7.10000000000000E+01     1.43900000000000E+03
    7.20000000000000E+01     1.57700000000000E+03
    7.30000000000000E+01     1.45100000000000E+03
    7.40000000000000E+01     1.43200000000000E+03
    7.50000000000000E+01     1.84100000000000E+03
    7.60000000000000E+01     1.73200000000000E+03
    7.70000000000000E+01     2.02100000000000E+03
    7.80000000000000E+01     1.84600000000000E+03
    7.90000000000000E+01     1.96800000000000E+03
    8.00000000000000E+01     2.10900000000000E+03
    8.10000000000000E+01     2.15500000000000E+03
    8.20000000000000E+01     2.19100000000000E+03
    8.30000000000000E+01     2.25500000000000E+03
    8.40000000000000E+01     2.11500000000000E+03
    8.50000000000000E+01     2.27000000000000E+03
    8.60000000000000E+01     2.26100000000000E+03
    8.70000000000000E+01     2.53600000000000E+03
    8.80000000000000E+01     2.55600000000000E+03
    8.90000000000000E+01     2.96200000000000E+03
    9.00000000000000E+01     3.28200000000000E+03
    9.10000000000000E+01     3.46700000000000E+03
    9.20000000000000E+01     3.50800000000000E+03
    9.30000000000000E+01     3.56400000000000E+03
    9.40000000000000E+01     3.81900000000000E+03
    9.50000000000000E+01     3.77100000000000E+03
    9.60000000000000E+01     3.79000000000000E+03
    9.70000000000000E+01     4.25300000000000E+03
    9.80000000000000E+01     4.65000000000000E+03
    9.90000000000000E+01     5.17300000000000E+03
    1.00000000000000E+02     5.18700000000000E+03
    1.01000000000000E+02     5.89900000000000E+03
    1.02000000000000E+02     6.36900000000000E+03
