    1.00000000000000E+00     1.11200000000000E+03
    2.00000000000000E+00     1.28100000000000E+03
    3.00000000000000E+00     1.29800000000000E+03
    4.00000000000000E+00     1.17200000000000E+03
    5.00000000000000E+00     1.16200000000000E+03
    6.00000000000000E+00     1.17200000000000E+03
    7.00000000000000E+00     1.20600000000000E+03
    8.00000000000000E+00     1.12600000000000E+03
    9.00000000000000E+00     1.26700000000000E+03
    1.00000000000000E+01     1.18800000000000E+03
    1.10000000000000E+01     1.35500000000000E+03
    1.20000000000000E+01     1.35900000000000E+03
    1.30000000000000E+01     1.33700000000000E+03
    1.40000000000000E+01     1.07000000000000E+03
    1.50000000000000E+01     1.01600000000000E+03
    1.60000000000000E+01     1.13800000000000E+03
    1.70000000000000E+01     1.29400000000000E+03
    1.80000000000000E+01     1.16900000000000E+03
    1.90000000000000E+01     1.22700000000000E+03
    2.00000000000000E+01     1.08500000000000E+03
    2.10000000000000E+01     1.12300000000000E+03
    2.20000000000000E+01     1.33100000000000E+03
    2.30000000000000E+01     1.08000000000000E+03
    2.40000000000000E+01     1.09800000000000E+03
    2.50000000000000E+01     1.24500000000000E+03
    2.60000000000000E+01     1.06600000000000E+03
    2.70000000000000E+01     1.06000000000000E+03
    2.80000000000000E+01     1.05900000000000E+03
    2.90000000000000E+01     1.12200000000000E+03
    3.00000000000000E+01     1.30200000000000E+03
    3.10000000000000E+01     1.19800000000000E+03
    3.20000000000000E+01     1.37800000000000E+03
    3.30000000000000E+01     1.26500000000000E+03
    3.40000000000000E+01     1.29100000000000E+03
    3.50000000000000E+01     1.04800000000000E+03
    3.60000000000000E+01     8.83000000000000E+02
    3.70000000000000E+01     9.24000000000000E+02
    3.80000000000000E+01     1.04400000000000E+03
    3.90000000000000E+01     1.10500000000000E+03
    4.00000000000000E+01     1.21300000000000E+03
    4.10000000000000E+01     1.14900000000000E+03
    4.20000000000000E+01     1.15500000000000E+03
    4.30000000000000E+01     1.21700000000000E+03
    4.40000000000000E+01     1.09400000000000E+03
    4.50000000000000E+01     1.05100000000000E+03
    4.60000000000000E+01     1.16600000000000E+03
    4.70000000000000E+01     1.19900000000000E+03
    4.80000000000000E+01     1.30900000000000E+03
    4.90000000000000E+01     1.29200000000000E+03
    5.00000000000000E+01     1.40700000000000E+03
    5.10000000000000E+01     1.20500000000000E+03
    5.20000000000000E+01     1.14100000000000E+03
    5.30000000000000E+01     8.80000000000000E+02
    5.40000000000000E+01     8.02000000000000E+02
    5.50000000000000E+01     9.75000000000000E+02
    5.60000000000000E+01     1.08000000000000E+03
    5.70000000000000E+01     1.19600000000000E+03
    5.80000000000000E+01     1.31500000000000E+03
    5.90000000000000E+01     1.30100000000000E+03
    6.00000000000000E+01     1.21100000000000E+03
    6.10000000000000E+01     1.09900000000000E+03
    6.20000000000000E+01     9.31000000000000E+02
    6.30000000000000E+01     9.33000000000000E+02
    6.40000000000000E+01     9.71000000000000E+02
    6.50000000000000E+01     1.08700000000000E+03
    6.60000000000000E+01     1.23100000000000E+03
    6.70000000000000E+01     1.24700000000000E+03
    6.80000000000000E+01     1.24500000000000E+03
    6.90000000000000E+01     1.06500000000000E+03
    7.00000000000000E+01     9.69000000000000E+02
    7.10000000000000E+01     9.74000000000000E+02
    7.20000000000000E+01     1.19400000000000E+03
    7.30000000000000E+01     1.25100000000000E+03
    7.40000000000000E+01     1.03500000000000E+03
    7.50000000000000E+01     1.01800000000000E+03
    7.60000000000000E+01     1.11600000000000E+03
    7.70000000000000E+01     1.26200000000000E+03
    7.80000000000000E+01     1.29500000000000E+03
    7.90000000000000E+01     1.31700000000000E+03
    8.00000000000000E+01     1.18100000000000E+03
    8.10000000000000E+01     1.08000000000000E+03
    8.20000000000000E+01     1.10000000000000E+03
    8.30000000000000E+01     1.16900000000000E+03
    8.40000000000000E+01     1.28100000000000E+03
    8.50000000000000E+01     1.33600000000000E+03
    8.60000000000000E+01     1.27500000000000E+03
    8.70000000000000E+01     1.37300000000000E+03
    8.80000000000000E+01     1.31300000000000E+03
    8.90000000000000E+01     1.33600000000000E+03
    9.00000000000000E+01     1.28300000000000E+03
    9.10000000000000E+01     1.29700000000000E+03
    9.20000000000000E+01     1.57300000000000E+03
    9.30000000000000E+01     1.55000000000000E+03
    9.40000000000000E+01     1.51500000000000E+03
    9.50000000000000E+01     1.32100000000000E+03
    9.60000000000000E+01     1.43700000000000E+03
    9.70000000000000E+01     1.56500000000000E+03
    9.80000000000000E+01     1.67300000000000E+03
    9.90000000000000E+01     1.75300000000000E+03
    1.00000000000000E+02     1.89700000000000E+03
    1.01000000000000E+02     1.96700000000000E+03
    1.02000000000000E+02     2.11500000000000E+03
    1.03000000000000E+02     2.24400000000000E+03
    1.04000000000000E+02     2.30200000000000E+03
    1.05000000000000E+02     2.45500000000000E+03
    1.06000000000000E+02     2.40400000000000E+03
    1.07000000000000E+02     2.60000000000000E+03
    1.08000000000000E+02     2.58700000000000E+03
    1.09000000000000E+02     2.47400000000000E+03
    1.10000000000000E+02     2.51400000000000E+03
    1.11000000000000E+02     2.41400000000000E+03
    1.12000000000000E+02     2.53500000000000E+03
    1.13000000000000E+02     2.43700000000000E+03
    1.14000000000000E+02     2.45600000000000E+03
    1.15000000000000E+02     2.66600000000000E+03
    1.16000000000000E+02     2.79600000000000E+03
    1.17000000000000E+02     2.97100000000000E+03
    1.18000000000000E+02     2.87800000000000E+03
    1.19000000000000E+02     3.17900000000000E+03
    1.20000000000000E+02     3.53500000000000E+03
    1.21000000000000E+02     3.33200000000000E+03
    1.22000000000000E+02     3.48300000000000E+03
    1.23000000000000E+02     3.77400000000000E+03
    1.24000000000000E+02     4.09800000000000E+03
    1.25000000000000E+02     4.46500000000000E+03
    1.26000000000000E+02     4.66100000000000E+03
    1.27000000000000E+02     5.32200000000000E+03
    1.28000000000000E+02     5.68800000000000E+03
    1.29000000000000E+02     6.23900000000000E+03
