    1.00000000000000E+00     1.22200000000000E+03
    2.00000000000000E+00     1.07100000000000E+03
    3.00000000000000E+00     1.11400000000000E+03
    4.00000000000000E+00     1.17500000000000E+03
    5.00000000000000E+00     1.41300000000000E+03
    6.00000000000000E+00     1.36500000000000E+03
    7.00000000000000E+00     1.44600000000000E+03
    8.00000000000000E+00     1.47200000000000E+03
    9.00000000000000E+00     1.35400000000000E+03
    1.00000000000000E+01     1.62400000000000E+03
    1.10000000000000E+01     1.60300000000000E+03
    1.20000000000000E+01     1.71000000000000E+03
    1.30000000000000E+01     1.65200000000000E+03
    1.40000000000000E+01     1.62900000000000E+03
    1.50000000000000E+01     1.63100000000000E+03
    1.60000000000000E+01     1.68900000000000E+03
    1.70000000000000E+01     1.77700000000000E+03
    1.80000000000000E+01     1.90300000000000E+03
    1.90000000000000E+01     2.08000000000000E+03
    2.00000000000000E+01     2.12900000000000E+03
    2.10000000000000E+01     2.25500000000000E+03
    2.20000000000000E+01     2.28400000000000E+03
    2.30000000000000E+01     2.42800000000000E+03
    2.40000000000000E+01     2.62200000000000E+03
    2.50000000000000E+01     2.68800000000000E+03
    2.60000000000000E+01     2.64400000000000E+03
    2.70000000000000E+01     2.94100000000000E+03
    2.80000000000000E+01     3.09500000000000E+03
    2.90000000000000E+01     3.33400000000000E+03
    3.00000000000000E+01     3.43100000000000E+03
    3.10000000000000E+01     3.55400000000000E+03
    3.20000000000000E+01     3.75500000000000E+03
    3.30000000000000E+01     4.10700000000000E+03
    3.40000000000000E+01     4.04600000000000E+03
    3.50000000000000E+01     4.54900000000000E+03
    3.60000000000000E+01     4.59400000000000E+03
    3.70000000000000E+01     4.78200000000000E+03
    3.80000000000000E+01     5.12300000000000E+03
    3.90000000000000E+01     5.73200000000000E+03
    4.00000000000000E+01     6.28200000000000E+03
