    1.00000000000000E+00     1.08000000000000E+03
    2.00000000000000E+00     1.10100000000000E+03
    3.00000000000000E+00     1.11300000000000E+03
    4.00000000000000E+00     1.26400000000000E+03
    5.00000000000000E+00     1.11300000000000E+03
    6.00000000000000E+00     1.02200000000000E+03
    7.00000000000000E+00     1.19200000000000E+03
    8.00000000000000E+00     1.28400000000000E+03
    9.00000000000000E+00     1.35800000000000E+03
    1.00000000000000E+01     1.51800000000000E+03
    1.10000000000000E+01     1.57000000000000E+03
    1.20000000000000E+01     1.40600000000000E+03
    1.30000000000000E+01     1.23300000000000E+03
    1.40000000000000E+01     1.14500000000000E+03
    1.50000000000000E+01     1.12400000000000E+03
    1.60000000000000E+01     1.17300000000000E+03
    1.70000000000000E+01     1.32400000000000E+03
    1.80000000000000E+01     1.08500000000000E+03
    1.90000000000000E+01     1.11100000000000E+03
    2.00000000000000E+01     1.06000000000000E+03
    2.10000000000000E+01     1.24000000000000E+03
    2.20000000000000E+01     1.05100000000000E+03
    2.30000000000000E+01     1.06300000000000E+03
    2.40000000000000E+01     1.07000000000000E+03
    2.50000000000000E+01     1.09400000000000E+03
    2.60000000000000E+01     1.18700000000000E+03
    2.70000000000000E+01     1.28200000000000E+03
    2.80000000000000E+01     1.20900000000000E+03
    2.90000000000000E+01     1.06600000000000E+03
    3.00000000000000E+01     9.48000000000000E+02
    3.10000000000000E+01     9.36000000000000E+02
    3.20000000000000E+01     1.04300000000000E+03
    3.30000000000000E+01     1.13100000000000E+03
    3.40000000000000E+01     1.22600000000000E+03
    3.50000000000000E+01     1.27500000000000E+03
    3.60000000000000E+01     1.30300000000000E+03
    3.70000000000000E+01     1.31000000000000E+03
    3.80000000000000E+01     1.17100000000000E+03
    3.90000000000000E+01     1.21700000000000E+03
    4.00000000000000E+01     1.08500000000000E+03
    4.10000000000000E+01     1.14800000000000E+03
    4.20000000000000E+01     1.17000000000000E+03
    4.30000000000000E+01     1.28200000000000E+03
    4.40000000000000E+01     1.00200000000000E+03
    4.50000000000000E+01     9.84000000000000E+02
    4.60000000000000E+01     1.07600000000000E+03
    4.70000000000000E+01     1.23400000000000E+03
    4.80000000000000E+01     1.28400000000000E+03
    4.90000000000000E+01     1.24600000000000E+03
    5.00000000000000E+01     1.23400000000000E+03
    5.10000000000000E+01     1.31100000000000E+03
    5.20000000000000E+01     1.16200000000000E+03
    5.30000000000000E+01     1.05100000000000E+03
    5.40000000000000E+01     9.50000000000000E+02
    5.50000000000000E+01     1.13600000000000E+03
    5.60000000000000E+01     1.21900000000000E+03
    5.70000000000000E+01     1.04300000000000E+03
    5.80000000000000E+01     1.04200000000000E+03
    5.90000000000000E+01     1.05500000000000E+03
    6.00000000000000E+01     1.11000000000000E+03
    6.10000000000000E+01     1.25900000000000E+03
    6.20000000000000E+01     1.11500000000000E+03
    6.30000000000000E+01     1.05800000000000E+03
    6.40000000000000E+01     1.08600000000000E+03
    6.50000000000000E+01     1.12400000000000E+03
    6.60000000000000E+01     1.17300000000000E+03
    6.70000000000000E+01     1.22900000000000E+03
    6.80000000000000E+01     1.10600000000000E+03
    6.90000000000000E+01     1.12100000000000E+03
    7.00000000000000E+01     1.14100000000000E+03
    7.10000000000000E+01     1.25600000000000E+03
    7.20000000000000E+01     1.16700000000000E+03
    7.30000000000000E+01     1.21000000000000E+03
    7.40000000000000E+01     1.09400000000000E+03
    7.50000000000000E+01     1.04400000000000E+03
    7.60000000000000E+01     1.11000000000000E+03
    7.70000000000000E+01     1.13100000000000E+03
    7.80000000000000E+01     1.19700000000000E+03
    7.90000000000000E+01     1.16800000000000E+03
    8.00000000000000E+01     1.29200000000000E+03
    8.10000000000000E+01     1.16300000000000E+03
    8.20000000000000E+01     1.26000000000000E+03
    8.30000000000000E+01     1.13000000000000E+03
    8.40000000000000E+01     1.12100000000000E+03
    8.50000000000000E+01     1.07600000000000E+03
    8.60000000000000E+01     1.24000000000000E+03
    8.70000000000000E+01     1.19000000000000E+03
    8.80000000000000E+01     1.35000000000000E+03
    8.90000000000000E+01     1.48000000000000E+03
    9.00000000000000E+01     1.55500000000000E+03
    9.10000000000000E+01     1.52800000000000E+03
    9.20000000000000E+01     1.51800000000000E+03
    9.30000000000000E+01     1.41300000000000E+03
    9.40000000000000E+01     1.40300000000000E+03
    9.50000000000000E+01     1.51200000000000E+03
    9.60000000000000E+01     1.56600000000000E+03
    9.70000000000000E+01     1.69400000000000E+03
    9.80000000000000E+01     1.62000000000000E+03
    9.90000000000000E+01     1.51300000000000E+03
    1.00000000000000E+02     1.47000000000000E+03
    1.01000000000000E+02     1.45100000000000E+03
    1.02000000000000E+02     1.48800000000000E+03
    1.03000000000000E+02     1.47500000000000E+03
    1.04000000000000E+02     1.43700000000000E+03
    1.05000000000000E+02     1.45700000000000E+03
    1.06000000000000E+02     1.43900000000000E+03
    1.07000000000000E+02     1.51900000000000E+03
    1.08000000000000E+02     1.60500000000000E+03
    1.09000000000000E+02     1.68500000000000E+03
    1.10000000000000E+02     1.68200000000000E+03
    1.11000000000000E+02     1.55200000000000E+03
    1.12000000000000E+02     1.77300000000000E+03
    1.13000000000000E+02     1.78200000000000E+03
    1.14000000000000E+02     1.78700000000000E+03
    1.15000000000000E+02     1.73600000000000E+03
    1.16000000000000E+02     1.67700000000000E+03
    1.17000000000000E+02     1.89300000000000E+03
    1.18000000000000E+02     2.05900000000000E+03
    1.19000000000000E+02     2.05900000000000E+03
    1.20000000000000E+02     2.04200000000000E+03
    1.21000000000000E+02     1.82100000000000E+03
    1.22000000000000E+02     1.97000000000000E+03
    1.23000000000000E+02     2.14500000000000E+03
    1.24000000000000E+02     2.11300000000000E+03
    1.25000000000000E+02     2.23200000000000E+03
    1.26000000000000E+02     2.29100000000000E+03
    1.27000000000000E+02     2.36100000000000E+03
    1.28000000000000E+02     2.68600000000000E+03
    1.29000000000000E+02     2.50800000000000E+03
    1.30000000000000E+02     2.61000000000000E+03
    1.31000000000000E+02     2.97900000000000E+03
    1.32000000000000E+02     2.99300000000000E+03
    1.33000000000000E+02     3.10100000000000E+03
    1.34000000000000E+02     3.28700000000000E+03
    1.35000000000000E+02     3.63300000000000E+03
    1.36000000000000E+02     3.48900000000000E+03
    1.37000000000000E+02     3.81300000000000E+03
    1.38000000000000E+02     4.03800000000000E+03
    1.39000000000000E+02     4.34700000000000E+03
    1.40000000000000E+02     4.32100000000000E+03
    1.41000000000000E+02     4.76000000000000E+03
    1.42000000000000E+02     5.21500000000000E+03
    1.43000000000000E+02     5.80000000000000E+03
    1.44000000000000E+02     6.29900000000000E+03
