    1.00000000000000E+00     1.04300000000000E+03
    2.00000000000000E+00     1.06500000000000E+03
    3.00000000000000E+00     1.12000000000000E+03
    4.00000000000000E+00     1.32500000000000E+03
    5.00000000000000E+00     1.16700000000000E+03
    6.00000000000000E+00     1.29600000000000E+03
    7.00000000000000E+00     1.10000000000000E+03
    8.00000000000000E+00     1.09000000000000E+03
    9.00000000000000E+00     1.10300000000000E+03
    1.00000000000000E+01     1.18000000000000E+03
    1.10000000000000E+01     1.35300000000000E+03
    1.20000000000000E+01     1.30400000000000E+03
    1.30000000000000E+01     1.21900000000000E+03
    1.40000000000000E+01     1.04400000000000E+03
    1.50000000000000E+01     9.31000000000000E+02
    1.60000000000000E+01     1.02400000000000E+03
    1.70000000000000E+01     1.06700000000000E+03
    1.80000000000000E+01     1.09700000000000E+03
    1.90000000000000E+01     1.01300000000000E+03
    2.00000000000000E+01     1.01100000000000E+03
    2.10000000000000E+01     1.08300000000000E+03
    2.20000000000000E+01     1.07400000000000E+03
    2.30000000000000E+01     1.18900000000000E+03
    2.40000000000000E+01     1.27800000000000E+03
    2.50000000000000E+01     1.18200000000000E+03
    2.60000000000000E+01     1.34100000000000E+03
    2.70000000000000E+01     1.16500000000000E+03
    2.80000000000000E+01     1.11400000000000E+03
    2.90000000000000E+01     1.24100000000000E+03
    3.00000000000000E+01     1.23500000000000E+03
    3.10000000000000E+01     1.27300000000000E+03
    3.20000000000000E+01     1.35300000000000E+03
    3.30000000000000E+01     1.19800000000000E+03
    3.40000000000000E+01     1.25500000000000E+03
    3.50000000000000E+01     1.26400000000000E+03
    3.60000000000000E+01     1.29200000000000E+03
    3.70000000000000E+01     1.26700000000000E+03
    3.80000000000000E+01     1.27900000000000E+03
    3.90000000000000E+01     1.26600000000000E+03
    4.00000000000000E+01     1.34900000000000E+03
    4.10000000000000E+01     1.38300000000000E+03
    4.20000000000000E+01     1.45400000000000E+03
    4.30000000000000E+01     1.55000000000000E+03
    4.40000000000000E+01     1.51900000000000E+03
    4.50000000000000E+01     1.76400000000000E+03
    4.60000000000000E+01     1.76000000000000E+03
    4.70000000000000E+01     1.61900000000000E+03
    4.80000000000000E+01     1.65800000000000E+03
    4.90000000000000E+01     1.55600000000000E+03
    5.00000000000000E+01     1.46800000000000E+03
    5.10000000000000E+01     1.56600000000000E+03
    5.20000000000000E+01     1.62400000000000E+03
    5.30000000000000E+01     1.64600000000000E+03
    5.40000000000000E+01     1.73600000000000E+03
    5.50000000000000E+01     1.77000000000000E+03
    5.60000000000000E+01     1.96000000000000E+03
    5.70000000000000E+01     2.02300000000000E+03
    5.80000000000000E+01     2.07400000000000E+03
    5.90000000000000E+01     2.21800000000000E+03
    6.00000000000000E+01     2.15900000000000E+03
    6.10000000000000E+01     2.13400000000000E+03
    6.20000000000000E+01     2.07200000000000E+03
    6.30000000000000E+01     2.08100000000000E+03
    6.40000000000000E+01     2.25200000000000E+03
    6.50000000000000E+01     2.29300000000000E+03
    6.60000000000000E+01     2.27500000000000E+03
    6.70000000000000E+01     2.43600000000000E+03
    6.80000000000000E+01     2.50500000000000E+03
    6.90000000000000E+01     2.76300000000000E+03
    7.00000000000000E+01     3.08600000000000E+03
    7.10000000000000E+01     3.27500000000000E+03
    7.20000000000000E+01     3.57000000000000E+03
    7.30000000000000E+01     3.99500000000000E+03
    7.40000000000000E+01     4.54800000000000E+03
    7.50000000000000E+01     4.65800000000000E+03
    7.60000000000000E+01     5.19600000000000E+03
    7.70000000000000E+01     5.99900000000000E+03
    7.80000000000000E+01     6.32400000000000E+03
