    1.00000000000000E+00     1.05400000000000E+03
    2.00000000000000E+00     1.08200000000000E+03
    3.00000000000000E+00     1.03700000000000E+03
    4.00000000000000E+00     1.06400000000000E+03
    5.00000000000000E+00     1.09700000000000E+03
    6.00000000000000E+00     1.16000000000000E+03
    7.00000000000000E+00     1.04500000000000E+03
    8.00000000000000E+00     1.28100000000000E+03
    9.00000000000000E+00     1.17900000000000E+03
    1.00000000000000E+01     1.29100000000000E+03
    1.10000000000000E+01     1.37500000000000E+03
    1.20000000000000E+01     1.20600000000000E+03
    1.30000000000000E+01     1.30400000000000E+03
    1.40000000000000E+01     1.21600000000000E+03
    1.50000000000000E+01     1.23000000000000E+03
    1.60000000000000E+01     1.31700000000000E+03
    1.70000000000000E+01     1.31400000000000E+03
    1.80000000000000E+01     1.37400000000000E+03
    1.90000000000000E+01     1.49400000000000E+03
    2.00000000000000E+01     1.55600000000000E+03
    2.10000000000000E+01     1.41500000000000E+03
    2.20000000000000E+01     1.36600000000000E+03
    2.30000000000000E+01     1.12600000000000E+03
    2.40000000000000E+01     1.07900000000000E+03
    2.50000000000000E+01     1.03200000000000E+03
    2.60000000000000E+01     1.12300000000000E+03
    2.70000000000000E+01     1.31700000000000E+03
    2.80000000000000E+01     1.12300000000000E+03
    2.90000000000000E+01     1.17400000000000E+03
    3.00000000000000E+01     1.15300000000000E+03
    3.10000000000000E+01     1.28800000000000E+03
    3.20000000000000E+01     1.16100000000000E+03
    3.30000000000000E+01     1.31900000000000E+03
    3.40000000000000E+01     1.16800000000000E+03
    3.50000000000000E+01     1.50100000000000E+03
    3.60000000000000E+01     1.34200000000000E+03
    3.70000000000000E+01     1.35400000000000E+03
    3.80000000000000E+01     1.40400000000000E+03
    3.90000000000000E+01     1.38800000000000E+03
    4.00000000000000E+01     1.39300000000000E+03
    4.10000000000000E+01     1.14500000000000E+03
    4.20000000000000E+01     9.09000000000000E+02
    4.30000000000000E+01     8.97000000000000E+02
    4.40000000000000E+01     1.01400000000000E+03
    4.50000000000000E+01     1.11700000000000E+03
    4.60000000000000E+01     1.16900000000000E+03
    4.70000000000000E+01     1.24200000000000E+03
    4.80000000000000E+01     1.29500000000000E+03
    4.90000000000000E+01     1.26100000000000E+03
    5.00000000000000E+01     1.39000000000000E+03
    5.10000000000000E+01     1.33900000000000E+03
    5.20000000000000E+01     1.36900000000000E+03
    5.30000000000000E+01     1.35300000000000E+03
    5.40000000000000E+01     1.50200000000000E+03
    5.50000000000000E+01     1.38800000000000E+03
    5.60000000000000E+01     1.28900000000000E+03
    5.70000000000000E+01     1.27300000000000E+03
    5.80000000000000E+01     1.25800000000000E+03
    5.90000000000000E+01     1.19000000000000E+03
    6.00000000000000E+01     9.90000000000000E+02
    6.10000000000000E+01     9.07000000000000E+02
    6.20000000000000E+01     9.40000000000000E+02
    6.30000000000000E+01     8.99000000000000E+02
    6.40000000000000E+01     9.97000000000000E+02
    6.50000000000000E+01     1.11800000000000E+03
    6.60000000000000E+01     1.19700000000000E+03
    6.70000000000000E+01     1.18100000000000E+03
    6.80000000000000E+01     1.22700000000000E+03
    6.90000000000000E+01     1.18500000000000E+03
    7.00000000000000E+01     1.33400000000000E+03
    7.10000000000000E+01     1.31600000000000E+03
    7.20000000000000E+01     1.13600000000000E+03
    7.30000000000000E+01     1.25900000000000E+03
    7.40000000000000E+01     1.12900000000000E+03
    7.50000000000000E+01     1.11100000000000E+03
    7.60000000000000E+01     1.19100000000000E+03
    7.70000000000000E+01     1.17900000000000E+03
    7.80000000000000E+01     1.15500000000000E+03
    7.90000000000000E+01     1.29500000000000E+03
    8.00000000000000E+01     1.17100000000000E+03
    8.10000000000000E+01     1.05700000000000E+03
    8.20000000000000E+01     1.00400000000000E+03
    8.30000000000000E+01     1.02600000000000E+03
    8.40000000000000E+01     1.04800000000000E+03
    8.50000000000000E+01     1.14200000000000E+03
    8.60000000000000E+01     1.19900000000000E+03
    8.70000000000000E+01     1.00600000000000E+03
    8.80000000000000E+01     1.12400000000000E+03
    8.90000000000000E+01     1.12100000000000E+03
    9.00000000000000E+01     1.19900000000000E+03
    9.10000000000000E+01     1.23400000000000E+03
    9.20000000000000E+01     1.24000000000000E+03
    9.30000000000000E+01     1.18100000000000E+03
    9.40000000000000E+01     1.13100000000000E+03
    9.50000000000000E+01     1.27100000000000E+03
    9.60000000000000E+01     1.24900000000000E+03
    9.70000000000000E+01     1.34000000000000E+03
    9.80000000000000E+01     1.18100000000000E+03
    9.90000000000000E+01     1.25300000000000E+03
    1.00000000000000E+02     1.18100000000000E+03
    1.01000000000000E+02     1.19500000000000E+03
    1.02000000000000E+02     1.12800000000000E+03
    1.03000000000000E+02     1.16900000000000E+03
    1.04000000000000E+02     1.30400000000000E+03
    1.05000000000000E+02     1.24100000000000E+03
    1.06000000000000E+02     1.12800000000000E+03
    1.07000000000000E+02     1.16300000000000E+03
    1.08000000000000E+02     1.21400000000000E+03
    1.09000000000000E+02     1.19000000000000E+03
    1.10000000000000E+02     1.31000000000000E+03
    1.11000000000000E+02     1.28000000000000E+03
    1.12000000000000E+02     1.26100000000000E+03
    1.13000000000000E+02     1.14900000000000E+03
    1.14000000000000E+02     1.15000000000000E+03
    1.15000000000000E+02     1.26400000000000E+03
    1.16000000000000E+02     1.09800000000000E+03
    1.17000000000000E+02     1.30700000000000E+03
    1.18000000000000E+02     1.19400000000000E+03
    1.19000000000000E+02     1.22200000000000E+03
    1.20000000000000E+02     1.34300000000000E+03
    1.21000000000000E+02     1.24800000000000E+03
    1.22000000000000E+02     1.07300000000000E+03
    1.23000000000000E+02     8.85000000000000E+02
    1.24000000000000E+02     8.93000000000000E+02
    1.25000000000000E+02     9.69000000000000E+02
    1.26000000000000E+02     9.70000000000000E+02
    1.27000000000000E+02     1.09100000000000E+03
    1.28000000000000E+02     1.14900000000000E+03
    1.29000000000000E+02     1.34300000000000E+03
    1.30000000000000E+02     1.28700000000000E+03
    1.31000000000000E+02     1.28700000000000E+03
    1.32000000000000E+02     1.35300000000000E+03
    1.33000000000000E+02     1.29700000000000E+03
    1.34000000000000E+02     1.18400000000000E+03
    1.35000000000000E+02     1.11100000000000E+03
    1.36000000000000E+02     1.15100000000000E+03
    1.37000000000000E+02     1.17200000000000E+03
    1.38000000000000E+02     1.29900000000000E+03
    1.39000000000000E+02     1.07000000000000E+03
    1.40000000000000E+02     1.08700000000000E+03
    1.41000000000000E+02     1.34900000000000E+03
    1.42000000000000E+02     1.45000000000000E+03
    1.43000000000000E+02     1.36200000000000E+03
    1.44000000000000E+02     1.32300000000000E+03
    1.45000000000000E+02     1.33100000000000E+03
    1.46000000000000E+02     1.28800000000000E+03
    1.47000000000000E+02     1.12800000000000E+03
    1.48000000000000E+02     9.99000000000000E+02
    1.49000000000000E+02     1.01400000000000E+03
    1.50000000000000E+02     1.14300000000000E+03
    1.51000000000000E+02     1.26400000000000E+03
    1.52000000000000E+02     1.26700000000000E+03
    1.53000000000000E+02     1.15600000000000E+03
    1.54000000000000E+02     1.14600000000000E+03
    1.55000000000000E+02     1.15200000000000E+03
    1.56000000000000E+02     1.15000000000000E+03
    1.57000000000000E+02     1.35700000000000E+03
    1.58000000000000E+02     1.45500000000000E+03
    1.59000000000000E+02     1.29100000000000E+03
    1.60000000000000E+02     1.21100000000000E+03
    1.61000000000000E+02     1.23600000000000E+03
    1.62000000000000E+02     1.28100000000000E+03
    1.63000000000000E+02     1.17000000000000E+03
    1.64000000000000E+02     1.22100000000000E+03
    1.65000000000000E+02     1.11100000000000E+03
    1.66000000000000E+02     1.02800000000000E+03
    1.67000000000000E+02     1.06400000000000E+03
    1.68000000000000E+02     1.08400000000000E+03
    1.69000000000000E+02     1.20100000000000E+03
    1.70000000000000E+02     1.12100000000000E+03
    1.71000000000000E+02     1.19400000000000E+03
    1.72000000000000E+02     1.20100000000000E+03
    1.73000000000000E+02     1.06300000000000E+03
    1.74000000000000E+02     1.13300000000000E+03
    1.75000000000000E+02     1.06500000000000E+03
    1.76000000000000E+02     1.17000000000000E+03
    1.77000000000000E+02     1.13200000000000E+03
    1.78000000000000E+02     1.22900000000000E+03
    1.79000000000000E+02     1.08600000000000E+03
    1.80000000000000E+02     1.10700000000000E+03
    1.81000000000000E+02     1.31700000000000E+03
    1.82000000000000E+02     1.18500000000000E+03
    1.83000000000000E+02     1.14800000000000E+03
    1.84000000000000E+02     1.34200000000000E+03
    1.85000000000000E+02     1.40900000000000E+03
    1.86000000000000E+02     1.35100000000000E+03
    1.87000000000000E+02     1.30000000000000E+03
    1.88000000000000E+02     1.23100000000000E+03
    1.89000000000000E+02     1.19100000000000E+03
    1.90000000000000E+02     1.06900000000000E+03
    1.91000000000000E+02     1.12000000000000E+03
    1.92000000000000E+02     1.27100000000000E+03
    1.93000000000000E+02     1.22100000000000E+03
    1.94000000000000E+02     1.07300000000000E+03
    1.95000000000000E+02     1.05400000000000E+03
    1.96000000000000E+02     1.08000000000000E+03
    1.97000000000000E+02     1.11400000000000E+03
    1.98000000000000E+02     1.18200000000000E+03
    1.99000000000000E+02     1.22900000000000E+03
    2.00000000000000E+02     1.10900000000000E+03
    2.01000000000000E+02     1.16200000000000E+03
    2.02000000000000E+02     1.28900000000000E+03
    2.03000000000000E+02     1.23300000000000E+03
    2.04000000000000E+02     1.39900000000000E+03
    2.05000000000000E+02     1.41400000000000E+03
    2.06000000000000E+02     1.35200000000000E+03
    2.07000000000000E+02     1.41000000000000E+03
    2.08000000000000E+02     1.37400000000000E+03
    2.09000000000000E+02     1.04100000000000E+03
    2.10000000000000E+02     8.43000000000000E+02
    2.11000000000000E+02     8.97000000000000E+02
    2.12000000000000E+02     1.03200000000000E+03
    2.13000000000000E+02     1.08000000000000E+03
    2.14000000000000E+02     1.03700000000000E+03
    2.15000000000000E+02     1.02300000000000E+03
    2.16000000000000E+02     1.10100000000000E+03
    2.17000000000000E+02     1.27300000000000E+03
    2.18000000000000E+02     1.43400000000000E+03
    2.19000000000000E+02     1.54100000000000E+03
    2.20000000000000E+02     1.57100000000000E+03
    2.21000000000000E+02     1.64000000000000E+03
    2.22000000000000E+02     1.49300000000000E+03
    2.23000000000000E+02     1.54600000000000E+03
    2.24000000000000E+02     1.43200000000000E+03
    2.25000000000000E+02     1.55800000000000E+03
    2.26000000000000E+02     1.73600000000000E+03
    2.27000000000000E+02     1.85100000000000E+03
    2.28000000000000E+02     1.82300000000000E+03
    2.29000000000000E+02     1.89100000000000E+03
    2.30000000000000E+02     1.98200000000000E+03
    2.31000000000000E+02     1.96200000000000E+03
    2.32000000000000E+02     1.94300000000000E+03
    2.33000000000000E+02     2.13000000000000E+03
    2.34000000000000E+02     2.13500000000000E+03
    2.35000000000000E+02     2.32200000000000E+03
    2.36000000000000E+02     2.49900000000000E+03
    2.37000000000000E+02     2.61500000000000E+03
    2.38000000000000E+02     2.82900000000000E+03
    2.39000000000000E+02     2.90700000000000E+03
    2.40000000000000E+02     3.01000000000000E+03
    2.41000000000000E+02     3.20300000000000E+03
    2.42000000000000E+02     3.39400000000000E+03
    2.43000000000000E+02     3.50600000000000E+03
    2.44000000000000E+02     3.62100000000000E+03
    2.45000000000000E+02     3.73300000000000E+03
    2.46000000000000E+02     3.89300000000000E+03
    2.47000000000000E+02     3.94500000000000E+03
    2.48000000000000E+02     4.63000000000000E+03
    2.49000000000000E+02     4.88500000000000E+03
    2.50000000000000E+02     5.51700000000000E+03
    2.51000000000000E+02     5.83900000000000E+03
    2.52000000000000E+02     6.41100000000000E+03
