    1.00000000000000E+00     9.98000000000000E+02
    2.00000000000000E+00     1.08700000000000E+03
    3.00000000000000E+00     1.19100000000000E+03
    4.00000000000000E+00     1.30200000000000E+03
    5.00000000000000E+00     1.09000000000000E+03
    6.00000000000000E+00     1.03500000000000E+03
    7.00000000000000E+00     1.06500000000000E+03
    8.00000000000000E+00     1.10800000000000E+03
    9.00000000000000E+00     1.24000000000000E+03
    1.00000000000000E+01     1.03700000000000E+03
    1.10000000000000E+01     9.78000000000000E+02
    1.20000000000000E+01     9.98000000000000E+02
    1.30000000000000E+01     1.14700000000000E+03
    1.40000000000000E+01     1.27800000000000E+03
    1.50000000000000E+01     1.17700000000000E+03
    1.60000000000000E+01     1.44600000000000E+03
    1.70000000000000E+01     1.46200000000000E+03
    1.80000000000000E+01     1.55700000000000E+03
    1.90000000000000E+01     1.48900000000000E+03
    2.00000000000000E+01     1.47500000000000E+03
    2.10000000000000E+01     1.50800000000000E+03
    2.20000000000000E+01     1.55100000000000E+03
    2.30000000000000E+01     1.42900000000000E+03
    2.40000000000000E+01     1.43800000000000E+03
    2.50000000000000E+01     1.54700000000000E+03
    2.60000000000000E+01     1.63600000000000E+03
    2.70000000000000E+01     1.62100000000000E+03
    2.80000000000000E+01     1.53900000000000E+03
    2.90000000000000E+01     1.39100000000000E+03
    3.00000000000000E+01     1.43600000000000E+03
    3.10000000000000E+01     1.31000000000000E+03
    3.20000000000000E+01     1.25600000000000E+03
    3.30000000000000E+01     1.24600000000000E+03
    3.40000000000000E+01     1.28000000000000E+03
    3.50000000000000E+01     1.40400000000000E+03
    3.60000000000000E+01     1.46400000000000E+03
    3.70000000000000E+01     1.41300000000000E+03
    3.80000000000000E+01     1.19100000000000E+03
    3.90000000000000E+01     8.49000000000000E+02
    4.00000000000000E+01     6.81000000000000E+02
    4.10000000000000E+01     8.25000000000000E+02
    4.20000000000000E+01     8.78000000000000E+02
    4.30000000000000E+01     9.92000000000000E+02
    4.40000000000000E+01     1.06200000000000E+03
    4.50000000000000E+01     1.04600000000000E+03
    4.60000000000000E+01     1.17200000000000E+03
    4.70000000000000E+01     1.22200000000000E+03
    4.80000000000000E+01     1.33300000000000E+03
    4.90000000000000E+01     1.26700000000000E+03
    5.00000000000000E+01     1.42600000000000E+03
    5.10000000000000E+01     1.44100000000000E+03
    5.20000000000000E+01     1.44700000000000E+03
    5.30000000000000E+01     1.37100000000000E+03
    5.40000000000000E+01     1.27800000000000E+03
    5.50000000000000E+01     1.08900000000000E+03
    5.60000000000000E+01     8.72000000000000E+02
    5.70000000000000E+01     9.07000000000000E+02
    5.80000000000000E+01     8.64000000000000E+02
    5.90000000000000E+01     9.04000000000000E+02
    6.00000000000000E+01     9.17000000000000E+02
    6.10000000000000E+01     9.31000000000000E+02
    6.20000000000000E+01     1.01600000000000E+03
    6.30000000000000E+01     1.02200000000000E+03
    6.40000000000000E+01     1.16100000000000E+03
    6.50000000000000E+01     1.19300000000000E+03
    6.60000000000000E+01     1.21900000000000E+03
    6.70000000000000E+01     1.16000000000000E+03
    6.80000000000000E+01     1.10100000000000E+03
    6.90000000000000E+01     1.18800000000000E+03
    7.00000000000000E+01     1.22900000000000E+03
    7.10000000000000E+01     1.18500000000000E+03
    7.20000000000000E+01     1.13500000000000E+03
    7.30000000000000E+01     1.10000000000000E+03
    7.40000000000000E+01     1.19700000000000E+03
    7.50000000000000E+01     1.03500000000000E+03
    7.60000000000000E+01     9.50000000000000E+02
    7.70000000000000E+01     1.03900000000000E+03
    7.80000000000000E+01     1.10500000000000E+03
    7.90000000000000E+01     1.21100000000000E+03
    8.00000000000000E+01     9.89000000000000E+02
    8.10000000000000E+01     9.90000000000000E+02
    8.20000000000000E+01     1.00800000000000E+03
    8.30000000000000E+01     1.08700000000000E+03
    8.40000000000000E+01     1.06200000000000E+03
    8.50000000000000E+01     1.12100000000000E+03
    8.60000000000000E+01     1.18000000000000E+03
    8.70000000000000E+01     1.27600000000000E+03
    8.80000000000000E+01     1.17700000000000E+03
    8.90000000000000E+01     1.25200000000000E+03
    9.00000000000000E+01     1.22800000000000E+03
    9.10000000000000E+01     1.22300000000000E+03
    9.20000000000000E+01     1.13400000000000E+03
    9.30000000000000E+01     1.07900000000000E+03
    9.40000000000000E+01     1.15800000000000E+03
    9.50000000000000E+01     1.32000000000000E+03
    9.60000000000000E+01     1.12300000000000E+03
    9.70000000000000E+01     1.12300000000000E+03
    9.80000000000000E+01     1.11300000000000E+03
    9.90000000000000E+01     1.22800000000000E+03
    1.00000000000000E+02     1.28100000000000E+03
    1.01000000000000E+02     1.38700000000000E+03
    1.02000000000000E+02     1.37900000000000E+03
    1.03000000000000E+02     1.42500000000000E+03
    1.04000000000000E+02     1.34500000000000E+03
    1.05000000000000E+02     1.38300000000000E+03
    1.06000000000000E+02     1.34900000000000E+03
    1.07000000000000E+02     1.35400000000000E+03
    1.08000000000000E+02     1.29200000000000E+03
    1.09000000000000E+02     1.37400000000000E+03
    1.10000000000000E+02     1.22200000000000E+03
    1.11000000000000E+02     1.07500000000000E+03
    1.12000000000000E+02     8.65000000000000E+02
    1.13000000000000E+02     9.69000000000000E+02
    1.14000000000000E+02     1.05700000000000E+03
    1.15000000000000E+02     1.14900000000000E+03
    1.16000000000000E+02     1.20100000000000E+03
    1.17000000000000E+02     1.12400000000000E+03
    1.18000000000000E+02     1.12000000000000E+03
    1.19000000000000E+02     1.18300000000000E+03
    1.20000000000000E+02     1.22400000000000E+03
    1.21000000000000E+02     1.05900000000000E+03
    1.22000000000000E+02     1.05300000000000E+03
    1.23000000000000E+02     1.11100000000000E+03
    1.24000000000000E+02     1.17700000000000E+03
    1.25000000000000E+02     1.33700000000000E+03
    1.26000000000000E+02     1.33000000000000E+03
    1.27000000000000E+02     1.21400000000000E+03
    1.28000000000000E+02     1.13900000000000E+03
    1.29000000000000E+02     1.07000000000000E+03
    1.30000000000000E+02     1.09000000000000E+03
    1.31000000000000E+02     1.24300000000000E+03
    1.32000000000000E+02     1.26100000000000E+03
    1.33000000000000E+02     1.06000000000000E+03
    1.34000000000000E+02     9.74000000000000E+02
    1.35000000000000E+02     9.46000000000000E+02
    1.36000000000000E+02     1.02200000000000E+03
    1.37000000000000E+02     1.01000000000000E+03
    1.38000000000000E+02     1.01900000000000E+03
    1.39000000000000E+02     1.09500000000000E+03
    1.40000000000000E+02     1.21200000000000E+03
    1.41000000000000E+02     1.31000000000000E+03
    1.42000000000000E+02     1.37800000000000E+03
    1.43000000000000E+02     1.23100000000000E+03
    1.44000000000000E+02     1.11900000000000E+03
    1.45000000000000E+02     9.53000000000000E+02
    1.46000000000000E+02     9.45000000000000E+02
    1.47000000000000E+02     9.72000000000000E+02
    1.48000000000000E+02     1.08700000000000E+03
    1.49000000000000E+02     1.17800000000000E+03
    1.50000000000000E+02     1.30600000000000E+03
    1.51000000000000E+02     1.19500000000000E+03
    1.52000000000000E+02     1.32100000000000E+03
    1.53000000000000E+02     1.18800000000000E+03
    1.54000000000000E+02     1.30800000000000E+03
    1.55000000000000E+02     1.38000000000000E+03
    1.56000000000000E+02     1.27000000000000E+03
    1.57000000000000E+02     1.15500000000000E+03
    1.58000000000000E+02     1.11600000000000E+03
    1.59000000000000E+02     1.07900000000000E+03
    1.60000000000000E+02     1.09000000000000E+03
    1.61000000000000E+02     1.11900000000000E+03
    1.62000000000000E+02     1.16300000000000E+03
    1.63000000000000E+02     1.27700000000000E+03
    1.64000000000000E+02     1.26500000000000E+03
    1.65000000000000E+02     1.09200000000000E+03
    1.66000000000000E+02     9.32000000000000E+02
    1.67000000000000E+02     1.01700000000000E+03
    1.68000000000000E+02     1.20400000000000E+03
    1.69000000000000E+02     1.13100000000000E+03
    1.70000000000000E+02     1.11600000000000E+03
    1.71000000000000E+02     1.05800000000000E+03
    1.72000000000000E+02     1.06900000000000E+03
    1.73000000000000E+02     1.03100000000000E+03
    1.74000000000000E+02     1.11600000000000E+03
    1.75000000000000E+02     1.13500000000000E+03
    1.76000000000000E+02     1.19800000000000E+03
    1.77000000000000E+02     1.09400000000000E+03
    1.78000000000000E+02     1.18800000000000E+03
    1.79000000000000E+02     1.28900000000000E+03
    1.80000000000000E+02     1.24000000000000E+03
    1.81000000000000E+02     1.22100000000000E+03
    1.82000000000000E+02     1.20000000000000E+03
    1.83000000000000E+02     1.09200000000000E+03
    1.84000000000000E+02     8.20000000000000E+02
    1.85000000000000E+02     8.65000000000000E+02
    1.86000000000000E+02     9.24000000000000E+02
    1.87000000000000E+02     9.35000000000000E+02
    1.88000000000000E+02     1.26200000000000E+03
    1.89000000000000E+02     1.25000000000000E+03
    1.90000000000000E+02     1.11200000000000E+03
    1.91000000000000E+02     1.02900000000000E+03
    1.92000000000000E+02     1.03700000000000E+03
    1.93000000000000E+02     1.20600000000000E+03
    1.94000000000000E+02     1.15900000000000E+03
    1.95000000000000E+02     1.12200000000000E+03
    1.96000000000000E+02     1.20400000000000E+03
    1.97000000000000E+02     1.24200000000000E+03
    1.98000000000000E+02     1.17000000000000E+03
    1.99000000000000E+02     1.19900000000000E+03
    2.00000000000000E+02     1.20700000000000E+03
    2.01000000000000E+02     1.12100000000000E+03
    2.02000000000000E+02     1.20900000000000E+03
    2.03000000000000E+02     1.04100000000000E+03
    2.04000000000000E+02     1.07300000000000E+03
    2.05000000000000E+02     1.00700000000000E+03
    2.06000000000000E+02     1.10300000000000E+03
    2.07000000000000E+02     1.01900000000000E+03
    2.08000000000000E+02     1.17000000000000E+03
    2.09000000000000E+02     1.32600000000000E+03
    2.10000000000000E+02     1.20900000000000E+03
    2.11000000000000E+02     1.19800000000000E+03
    2.12000000000000E+02     1.10800000000000E+03
    2.13000000000000E+02     1.05200000000000E+03
    2.14000000000000E+02     1.09100000000000E+03
    2.15000000000000E+02     1.15100000000000E+03
    2.16000000000000E+02     1.35600000000000E+03
    2.17000000000000E+02     1.36900000000000E+03
    2.18000000000000E+02     1.27500000000000E+03
    2.19000000000000E+02     1.48400000000000E+03
    2.20000000000000E+02     1.25600000000000E+03
    2.21000000000000E+02     1.44700000000000E+03
    2.22000000000000E+02     1.42600000000000E+03
    2.23000000000000E+02     1.36600000000000E+03
    2.24000000000000E+02     1.49700000000000E+03
    2.25000000000000E+02     1.53300000000000E+03
    2.26000000000000E+02     1.35500000000000E+03
    2.27000000000000E+02     1.29800000000000E+03
    2.28000000000000E+02     1.30900000000000E+03
    2.29000000000000E+02     1.30800000000000E+03
    2.30000000000000E+02     1.28200000000000E+03
    2.31000000000000E+02     1.31200000000000E+03
    2.32000000000000E+02     1.24300000000000E+03
    2.33000000000000E+02     1.21600000000000E+03
    2.34000000000000E+02     1.08100000000000E+03
    2.35000000000000E+02     8.50000000000000E+02
    2.36000000000000E+02     9.55000000000000E+02
    2.37000000000000E+02     9.63000000000000E+02
    2.38000000000000E+02     9.60000000000000E+02
    2.39000000000000E+02     1.07500000000000E+03
    2.40000000000000E+02     1.24900000000000E+03
    2.41000000000000E+02     1.09900000000000E+03
    2.42000000000000E+02     1.19600000000000E+03
    2.43000000000000E+02     1.13100000000000E+03
    2.44000000000000E+02     1.20200000000000E+03
    2.45000000000000E+02     1.26700000000000E+03
    2.46000000000000E+02     1.17000000000000E+03
    2.47000000000000E+02     1.15700000000000E+03
    2.48000000000000E+02     1.32600000000000E+03
    2.49000000000000E+02     1.07800000000000E+03
    2.50000000000000E+02     1.07000000000000E+03
    2.51000000000000E+02     1.22300000000000E+03
    2.52000000000000E+02     1.11200000000000E+03
    2.53000000000000E+02     1.15500000000000E+03
    2.54000000000000E+02     1.12700000000000E+03
    2.55000000000000E+02     1.29700000000000E+03
    2.56000000000000E+02     1.15800000000000E+03
    2.57000000000000E+02     1.07000000000000E+03
    2.58000000000000E+02     1.12300000000000E+03
    2.59000000000000E+02     1.24600000000000E+03
    2.60000000000000E+02     1.20400000000000E+03
    2.61000000000000E+02     1.00600000000000E+03
    2.62000000000000E+02     8.82000000000000E+02
    2.63000000000000E+02     9.14000000000000E+02
    2.64000000000000E+02     1.04400000000000E+03
    2.65000000000000E+02     1.06000000000000E+03
    2.66000000000000E+02     1.10000000000000E+03
    2.67000000000000E+02     1.22600000000000E+03
    2.68000000000000E+02     1.17100000000000E+03
    2.69000000000000E+02     1.31000000000000E+03
    2.70000000000000E+02     1.10500000000000E+03
    2.71000000000000E+02     1.09400000000000E+03
    2.72000000000000E+02     1.29800000000000E+03
    2.73000000000000E+02     1.26000000000000E+03
    2.74000000000000E+02     1.26100000000000E+03
    2.75000000000000E+02     1.17800000000000E+03
    2.76000000000000E+02     1.16500000000000E+03
    2.77000000000000E+02     1.16500000000000E+03
    2.78000000000000E+02     1.25300000000000E+03
    2.79000000000000E+02     1.16100000000000E+03
    2.80000000000000E+02     1.22500000000000E+03
    2.81000000000000E+02     1.01100000000000E+03
    2.82000000000000E+02     9.95000000000000E+02
    2.83000000000000E+02     1.06900000000000E+03
    2.84000000000000E+02     1.04900000000000E+03
    2.85000000000000E+02     1.10500000000000E+03
    2.86000000000000E+02     1.24000000000000E+03
    2.87000000000000E+02     1.30000000000000E+03
    2.88000000000000E+02     1.31400000000000E+03
    2.89000000000000E+02     1.30200000000000E+03
    2.90000000000000E+02     1.22100000000000E+03
    2.91000000000000E+02     1.26900000000000E+03
    2.92000000000000E+02     1.27300000000000E+03
    2.93000000000000E+02     1.23700000000000E+03
    2.94000000000000E+02     1.12700000000000E+03
    2.95000000000000E+02     8.73000000000000E+02
    2.96000000000000E+02     8.92000000000000E+02
    2.97000000000000E+02     9.24000000000000E+02
    2.98000000000000E+02     1.02000000000000E+03
    2.99000000000000E+02     1.01700000000000E+03
    3.00000000000000E+02     1.08100000000000E+03
    3.01000000000000E+02     1.25800000000000E+03
    3.02000000000000E+02     1.20700000000000E+03
    3.03000000000000E+02     1.19400000000000E+03
    3.04000000000000E+02     1.15300000000000E+03
    3.05000000000000E+02     1.14600000000000E+03
    3.06000000000000E+02     1.14600000000000E+03
    3.07000000000000E+02     1.19200000000000E+03
    3.08000000000000E+02     1.10700000000000E+03
    3.09000000000000E+02     1.16400000000000E+03
    3.10000000000000E+02     1.19700000000000E+03
    3.11000000000000E+02     1.23200000000000E+03
    3.12000000000000E+02     1.19200000000000E+03
    3.13000000000000E+02     1.33800000000000E+03
    3.14000000000000E+02     1.42400000000000E+03
    3.15000000000000E+02     1.41800000000000E+03
    3.16000000000000E+02     1.35900000000000E+03
    3.17000000000000E+02     1.44300000000000E+03
    3.18000000000000E+02     1.51800000000000E+03
    3.19000000000000E+02     1.51500000000000E+03
    3.20000000000000E+02     1.56400000000000E+03
    3.21000000000000E+02     1.62800000000000E+03
    3.22000000000000E+02     1.44100000000000E+03
    3.23000000000000E+02     1.31000000000000E+03
    3.24000000000000E+02     1.18800000000000E+03
    3.25000000000000E+02     1.09900000000000E+03
    3.26000000000000E+02     1.05500000000000E+03
    3.27000000000000E+02     1.10600000000000E+03
    3.28000000000000E+02     1.17600000000000E+03
    3.29000000000000E+02     1.21800000000000E+03
    3.30000000000000E+02     1.07300000000000E+03
    3.31000000000000E+02     1.05600000000000E+03
    3.32000000000000E+02     1.09400000000000E+03
    3.33000000000000E+02     1.16600000000000E+03
    3.34000000000000E+02     1.27700000000000E+03
    3.35000000000000E+02     1.24900000000000E+03
    3.36000000000000E+02     1.12300000000000E+03
    3.37000000000000E+02     1.09800000000000E+03
    3.38000000000000E+02     1.06900000000000E+03
    3.39000000000000E+02     1.17000000000000E+03
    3.40000000000000E+02     1.11200000000000E+03
    3.41000000000000E+02     1.12000000000000E+03
    3.42000000000000E+02     1.13000000000000E+03
    3.43000000000000E+02     1.16000000000000E+03
    3.44000000000000E+02     1.26400000000000E+03
    3.45000000000000E+02     1.24400000000000E+03
    3.46000000000000E+02     1.22100000000000E+03
    3.47000000000000E+02     1.12600000000000E+03
    3.48000000000000E+02     9.79000000000000E+02
    3.49000000000000E+02     1.04300000000000E+03
    3.50000000000000E+02     9.54000000000000E+02
    3.51000000000000E+02     1.09800000000000E+03
    3.52000000000000E+02     1.20200000000000E+03
    3.53000000000000E+02     1.08400000000000E+03
    3.54000000000000E+02     9.93000000000000E+02
    3.55000000000000E+02     1.05800000000000E+03
    3.56000000000000E+02     1.14700000000000E+03
    3.57000000000000E+02     1.10900000000000E+03
    3.58000000000000E+02     1.36800000000000E+03
    3.59000000000000E+02     1.35100000000000E+03
    3.60000000000000E+02     1.18300000000000E+03
    3.61000000000000E+02     1.27500000000000E+03
    3.62000000000000E+02     1.24300000000000E+03
    3.63000000000000E+02     1.25500000000000E+03
    3.64000000000000E+02     1.14300000000000E+03
    3.65000000000000E+02     1.00700000000000E+03
    3.66000000000000E+02     1.00600000000000E+03
    3.67000000000000E+02     1.12000000000000E+03
    3.68000000000000E+02     1.23700000000000E+03
    3.69000000000000E+02     1.12200000000000E+03
    3.70000000000000E+02     1.01100000000000E+03
    3.71000000000000E+02     1.03500000000000E+03
    3.72000000000000E+02     1.15300000000000E+03
    3.73000000000000E+02     1.29700000000000E+03
    3.74000000000000E+02     1.36100000000000E+03
    3.75000000000000E+02     1.48900000000000E+03
    3.76000000000000E+02     1.31000000000000E+03
    3.77000000000000E+02     1.22000000000000E+03
    3.78000000000000E+02     1.30000000000000E+03
    3.79000000000000E+02     1.21600000000000E+03
    3.80000000000000E+02     1.11700000000000E+03
    3.81000000000000E+02     1.02100000000000E+03
    3.82000000000000E+02     1.05400000000000E+03
    3.83000000000000E+02     1.09100000000000E+03
    3.84000000000000E+02     1.21600000000000E+03
    3.85000000000000E+02     1.07200000000000E+03
    3.86000000000000E+02     1.05700000000000E+03
    3.87000000000000E+02     1.01000000000000E+03
    3.88000000000000E+02     1.11800000000000E+03
    3.89000000000000E+02     1.20100000000000E+03
    3.90000000000000E+02     1.06500000000000E+03
    3.91000000000000E+02     9.64000000000000E+02
    3.92000000000000E+02     9.95000000000000E+02
    3.93000000000000E+02     1.16900000000000E+03
    3.94000000000000E+02     1.31100000000000E+03
    3.95000000000000E+02     1.27700000000000E+03
    3.96000000000000E+02     1.27100000000000E+03
    3.97000000000000E+02     1.15800000000000E+03
    3.98000000000000E+02     1.24300000000000E+03
    3.99000000000000E+02     1.16900000000000E+03
    4.00000000000000E+02     1.25600000000000E+03
    4.01000000000000E+02     1.18100000000000E+03
    4.02000000000000E+02     1.31200000000000E+03
    4.03000000000000E+02     1.22700000000000E+03
    4.04000000000000E+02     1.05000000000000E+03
    4.05000000000000E+02     7.90000000000000E+02
    4.06000000000000E+02     8.34000000000000E+02
    4.07000000000000E+02     9.22000000000000E+02
    4.08000000000000E+02     9.42000000000000E+02
    4.09000000000000E+02     1.08700000000000E+03
    4.10000000000000E+02     1.07300000000000E+03
    4.11000000000000E+02     1.14000000000000E+03
    4.12000000000000E+02     1.10400000000000E+03
    4.13000000000000E+02     1.14600000000000E+03
    4.14000000000000E+02     1.39900000000000E+03
    4.15000000000000E+02     1.38900000000000E+03
    4.16000000000000E+02     1.54400000000000E+03
    4.17000000000000E+02     1.53200000000000E+03
    4.18000000000000E+02     1.56100000000000E+03
    4.19000000000000E+02     1.50300000000000E+03
    4.20000000000000E+02     1.50400000000000E+03
    4.21000000000000E+02     1.63700000000000E+03
    4.22000000000000E+02     1.64900000000000E+03
    4.23000000000000E+02     1.65600000000000E+03
    4.24000000000000E+02     1.51300000000000E+03
    4.25000000000000E+02     1.55500000000000E+03
    4.26000000000000E+02     1.70800000000000E+03
    4.27000000000000E+02     1.68400000000000E+03
    4.28000000000000E+02     1.72500000000000E+03
    4.29000000000000E+02     1.88100000000000E+03
    4.30000000000000E+02     1.94000000000000E+03
    4.31000000000000E+02     2.04800000000000E+03
    4.32000000000000E+02     2.23300000000000E+03
    4.33000000000000E+02     2.32700000000000E+03
    4.34000000000000E+02     2.28900000000000E+03
    4.35000000000000E+02     2.48700000000000E+03
    4.36000000000000E+02     2.49300000000000E+03
    4.37000000000000E+02     2.63800000000000E+03
    4.38000000000000E+02     2.80800000000000E+03
    4.39000000000000E+02     2.81200000000000E+03
    4.40000000000000E+02     3.13200000000000E+03
    4.41000000000000E+02     3.48100000000000E+03
    4.42000000000000E+02     3.83400000000000E+03
    4.43000000000000E+02     3.77800000000000E+03
    4.44000000000000E+02     4.02600000000000E+03
    4.45000000000000E+02     4.23800000000000E+03
    4.46000000000000E+02     4.49700000000000E+03
    4.47000000000000E+02     4.67400000000000E+03
    4.48000000000000E+02     5.05200000000000E+03
    4.49000000000000E+02     5.48400000000000E+03
    4.50000000000000E+02     5.75900000000000E+03
    4.51000000000000E+02     6.38500000000000E+03
