    1.00000000000000E+00     1.02800000000000E+03
    2.00000000000000E+00     1.09400000000000E+03
    3.00000000000000E+00     1.19900000000000E+03
    4.00000000000000E+00     1.21600000000000E+03
    5.00000000000000E+00     1.22300000000000E+03
    6.00000000000000E+00     1.08300000000000E+03
    7.00000000000000E+00     1.03000000000000E+03
    8.00000000000000E+00     1.10100000000000E+03
    9.00000000000000E+00     1.20200000000000E+03
    1.00000000000000E+01     1.17600000000000E+03
    1.10000000000000E+01     1.12300000000000E+03
    1.20000000000000E+01     1.25100000000000E+03
    1.30000000000000E+01     1.23600000000000E+03
    1.40000000000000E+01     1.29400000000000E+03
    1.50000000000000E+01     1.21200000000000E+03
    1.60000000000000E+01     1.11100000000000E+03
    1.70000000000000E+01     1.01000000000000E+03
    1.80000000000000E+01     1.12900000000000E+03
    1.90000000000000E+01     1.21500000000000E+03
    2.00000000000000E+01     1.17900000000000E+03
    2.10000000000000E+01     1.20800000000000E+03
    2.20000000000000E+01     1.23800000000000E+03
    2.30000000000000E+01     1.10300000000000E+03
    2.40000000000000E+01     1.06700000000000E+03
    2.50000000000000E+01     1.23000000000000E+03
    2.60000000000000E+01     1.10300000000000E+03
    2.70000000000000E+01     1.10600000000000E+03
    2.80000000000000E+01     1.15800000000000E+03
    2.90000000000000E+01     1.26100000000000E+03
    3.00000000000000E+01     1.06600000000000E+03
    3.10000000000000E+01     1.22400000000000E+03
    3.20000000000000E+01     8.78000000000000E+02
    3.30000000000000E+01     8.98000000000000E+02
    3.40000000000000E+01     8.95000000000000E+02
    3.50000000000000E+01     9.43000000000000E+02
    3.60000000000000E+01     1.01500000000000E+03
    3.70000000000000E+01     1.18100000000000E+03
    3.80000000000000E+01     1.24900000000000E+03
    3.90000000000000E+01     1.26200000000000E+03
    4.00000000000000E+01     1.20700000000000E+03
    4.10000000000000E+01     1.34000000000000E+03
    4.20000000000000E+01     1.51300000000000E+03
    4.30000000000000E+01     1.43500000000000E+03
    4.40000000000000E+01     1.41400000000000E+03
    4.50000000000000E+01     1.28200000000000E+03
    4.60000000000000E+01     1.15300000000000E+03
    4.70000000000000E+01     1.11500000000000E+03
    4.80000000000000E+01     1.14300000000000E+03
    4.90000000000000E+01     1.20000000000000E+03
    5.00000000000000E+01     9.78000000000000E+02
    5.10000000000000E+01     9.26000000000000E+02
    5.20000000000000E+01     9.05000000000000E+02
    5.30000000000000E+01     1.02200000000000E+03
    5.40000000000000E+01     1.17500000000000E+03
    5.50000000000000E+01     1.12400000000000E+03
    5.60000000000000E+01     1.30600000000000E+03
    5.70000000000000E+01     1.31700000000000E+03
    5.80000000000000E+01     1.25900000000000E+03
    5.90000000000000E+01     1.26500000000000E+03
    6.00000000000000E+01     1.26700000000000E+03
    6.10000000000000E+01     1.09400000000000E+03
    6.20000000000000E+01     1.02900000000000E+03
    6.30000000000000E+01     1.16000000000000E+03
    6.40000000000000E+01     1.31800000000000E+03
    6.50000000000000E+01     1.06200000000000E+03
    6.60000000000000E+01     1.06600000000000E+03
    6.70000000000000E+01     1.20100000000000E+03
    6.80000000000000E+01     1.01300000000000E+03
    6.90000000000000E+01     9.24000000000000E+02
    7.00000000000000E+01     9.93000000000000E+02
    7.10000000000000E+01     1.06600000000000E+03
    7.20000000000000E+01     1.01400000000000E+03
    7.30000000000000E+01     9.96000000000000E+02
    7.40000000000000E+01     1.13500000000000E+03
    7.50000000000000E+01     1.31700000000000E+03
    7.60000000000000E+01     1.35700000000000E+03
    7.70000000000000E+01     1.46700000000000E+03
    7.80000000000000E+01     1.45400000000000E+03
    7.90000000000000E+01     1.54100000000000E+03
    8.00000000000000E+01     1.38700000000000E+03
    8.10000000000000E+01     1.42400000000000E+03
    8.20000000000000E+01     1.14800000000000E+03
    8.30000000000000E+01     1.00200000000000E+03
    8.40000000000000E+01     1.05200000000000E+03
    8.50000000000000E+01     1.19100000000000E+03
    8.60000000000000E+01     1.14100000000000E+03
    8.70000000000000E+01     1.33800000000000E+03
    8.80000000000000E+01     1.12700000000000E+03
    8.90000000000000E+01     1.18700000000000E+03
    9.00000000000000E+01     1.33900000000000E+03
    9.10000000000000E+01     1.18800000000000E+03
    9.20000000000000E+01     1.18000000000000E+03
    9.30000000000000E+01     1.31300000000000E+03
    9.40000000000000E+01     1.42900000000000E+03
    9.50000000000000E+01     1.46200000000000E+03
    9.60000000000000E+01     1.68300000000000E+03
    9.70000000000000E+01     1.79800000000000E+03
    9.80000000000000E+01     1.77800000000000E+03
    9.90000000000000E+01     1.78300000000000E+03
    1.00000000000000E+02     1.70600000000000E+03
    1.01000000000000E+02     1.72700000000000E+03
    1.02000000000000E+02     1.82900000000000E+03
    1.03000000000000E+02     1.84200000000000E+03
    1.04000000000000E+02     1.86600000000000E+03
    1.05000000000000E+02     1.66100000000000E+03
    1.06000000000000E+02     1.68000000000000E+03
    1.07000000000000E+02     1.87000000000000E+03
    1.08000000000000E+02     1.76500000000000E+03
    1.09000000000000E+02     1.95100000000000E+03
    1.10000000000000E+02     1.94100000000000E+03
    1.11000000000000E+02     1.92400000000000E+03
    1.12000000000000E+02     2.06700000000000E+03
    1.13000000000000E+02     1.96500000000000E+03
    1.14000000000000E+02     2.25500000000000E+03
    1.15000000000000E+02     2.38600000000000E+03
    1.16000000000000E+02     2.29600000000000E+03
    1.17000000000000E+02     2.44200000000000E+03
    1.18000000000000E+02     2.70100000000000E+03
    1.19000000000000E+02     2.77400000000000E+03
    1.20000000000000E+02     2.77700000000000E+03
    1.21000000000000E+02     2.79700000000000E+03
    1.22000000000000E+02     2.89500000000000E+03
    1.23000000000000E+02     2.99600000000000E+03
    1.24000000000000E+02     3.03700000000000E+03
    1.25000000000000E+02     2.82600000000000E+03
    1.26000000000000E+02     2.92100000000000E+03
    1.27000000000000E+02     3.22400000000000E+03
    1.28000000000000E+02     3.43800000000000E+03
    1.29000000000000E+02     3.56000000000000E+03
    1.30000000000000E+02     3.57100000000000E+03
    1.31000000000000E+02     3.65100000000000E+03
    1.32000000000000E+02     3.84200000000000E+03
    1.33000000000000E+02     4.25400000000000E+03
    1.34000000000000E+02     4.53100000000000E+03
    1.35000000000000E+02     4.89500000000000E+03
    1.36000000000000E+02     5.28100000000000E+03
    1.37000000000000E+02     5.78700000000000E+03
    1.38000000000000E+02     6.11600000000000E+03
