    1.00000000000000E+00     1.03800000000000E+03
    2.00000000000000E+00     1.09900000000000E+03
    3.00000000000000E+00     1.15500000000000E+03
    4.00000000000000E+00     1.28900000000000E+03
    5.00000000000000E+00     1.27400000000000E+03
    6.00000000000000E+00     1.25400000000000E+03
    7.00000000000000E+00     1.24400000000000E+03
    8.00000000000000E+00     1.23500000000000E+03
    9.00000000000000E+00     1.18200000000000E+03
    1.00000000000000E+01     1.22500000000000E+03
    1.10000000000000E+01     9.84000000000000E+02
    1.20000000000000E+01     8.77000000000000E+02
    1.30000000000000E+01     8.76000000000000E+02
    1.40000000000000E+01     9.04000000000000E+02
    1.50000000000000E+01     8.85000000000000E+02
    1.60000000000000E+01     9.49000000000000E+02
    1.70000000000000E+01     1.11200000000000E+03
    1.80000000000000E+01     1.08400000000000E+03
    1.90000000000000E+01     1.17600000000000E+03
    2.00000000000000E+01     1.29100000000000E+03
    2.10000000000000E+01     1.12700000000000E+03
    2.20000000000000E+01     1.08100000000000E+03
    2.30000000000000E+01     1.02900000000000E+03
    2.40000000000000E+01     1.16400000000000E+03
    2.50000000000000E+01     1.23900000000000E+03
    2.60000000000000E+01     1.13200000000000E+03
    2.70000000000000E+01     1.11100000000000E+03
    2.80000000000000E+01     1.24000000000000E+03
    2.90000000000000E+01     1.19200000000000E+03
    3.00000000000000E+01     1.28300000000000E+03
    3.10000000000000E+01     1.28000000000000E+03
    3.20000000000000E+01     1.23400000000000E+03
    3.30000000000000E+01     1.10300000000000E+03
    3.40000000000000E+01     9.03000000000000E+02
    3.50000000000000E+01     9.71000000000000E+02
    3.60000000000000E+01     1.09400000000000E+03
    3.70000000000000E+01     1.11900000000000E+03
    3.80000000000000E+01     1.10600000000000E+03
    3.90000000000000E+01     1.22300000000000E+03
    4.00000000000000E+01     1.15100000000000E+03
    4.10000000000000E+01     1.06000000000000E+03
    4.20000000000000E+01     1.16800000000000E+03
    4.30000000000000E+01     1.35200000000000E+03
    4.40000000000000E+01     1.43500000000000E+03
    4.50000000000000E+01     1.38600000000000E+03
    4.60000000000000E+01     1.44900000000000E+03
    4.70000000000000E+01     1.29600000000000E+03
    4.80000000000000E+01     1.28400000000000E+03
    4.90000000000000E+01     1.23500000000000E+03
    5.00000000000000E+01     1.33700000000000E+03
    5.10000000000000E+01     1.07400000000000E+03
    5.20000000000000E+01     9.41000000000000E+02
    5.30000000000000E+01     9.58000000000000E+02
    5.40000000000000E+01     1.09900000000000E+03
    5.50000000000000E+01     1.10700000000000E+03
    5.60000000000000E+01     1.26300000000000E+03
    5.70000000000000E+01     1.27600000000000E+03
    5.80000000000000E+01     1.14800000000000E+03
    5.90000000000000E+01     1.22100000000000E+03
    6.00000000000000E+01     1.07000000000000E+03
    6.10000000000000E+01     1.13200000000000E+03
    6.20000000000000E+01     1.19100000000000E+03
    6.30000000000000E+01     1.17800000000000E+03
    6.40000000000000E+01     1.08600000000000E+03
    6.50000000000000E+01     1.25500000000000E+03
    6.60000000000000E+01     1.26100000000000E+03
    6.70000000000000E+01     1.15500000000000E+03
    6.80000000000000E+01     1.02600000000000E+03
    6.90000000000000E+01     1.00500000000000E+03
    7.00000000000000E+01     1.12700000000000E+03
    7.10000000000000E+01     1.13400000000000E+03
    7.20000000000000E+01     1.12600000000000E+03
    7.30000000000000E+01     1.14300000000000E+03
    7.40000000000000E+01     1.20600000000000E+03
    7.50000000000000E+01     1.23500000000000E+03
    7.60000000000000E+01     1.05200000000000E+03
    7.70000000000000E+01     8.74000000000000E+02
    7.80000000000000E+01     9.00000000000000E+02
    7.90000000000000E+01     1.06200000000000E+03
    8.00000000000000E+01     1.01600000000000E+03
    8.10000000000000E+01     9.72000000000000E+02
    8.20000000000000E+01     1.16000000000000E+03
    8.30000000000000E+01     1.20500000000000E+03
    8.40000000000000E+01     1.23300000000000E+03
    8.50000000000000E+01     1.27000000000000E+03
    8.60000000000000E+01     1.10900000000000E+03
    8.70000000000000E+01     1.04300000000000E+03
    8.80000000000000E+01     1.04900000000000E+03
    8.90000000000000E+01     1.11800000000000E+03
    9.00000000000000E+01     1.21600000000000E+03
    9.10000000000000E+01     1.22500000000000E+03
    9.20000000000000E+01     1.14300000000000E+03
    9.30000000000000E+01     1.11500000000000E+03
    9.40000000000000E+01     1.03100000000000E+03
    9.50000000000000E+01     1.05600000000000E+03
    9.60000000000000E+01     1.06600000000000E+03
    9.70000000000000E+01     1.08800000000000E+03
    9.80000000000000E+01     1.13600000000000E+03
    9.90000000000000E+01     1.24000000000000E+03
    1.00000000000000E+02     1.17100000000000E+03
    1.01000000000000E+02     1.28800000000000E+03
    1.02000000000000E+02     1.26900000000000E+03
    1.03000000000000E+02     1.30500000000000E+03
    1.04000000000000E+02     1.29800000000000E+03
    1.05000000000000E+02     1.20400000000000E+03
    1.06000000000000E+02     1.23300000000000E+03
    1.07000000000000E+02     1.15700000000000E+03
    1.08000000000000E+02     8.93000000000000E+02
    1.09000000000000E+02     8.33000000000000E+02
    1.10000000000000E+02     8.94000000000000E+02
    1.11000000000000E+02     9.25000000000000E+02
    1.12000000000000E+02     1.04500000000000E+03
    1.13000000000000E+02     1.08300000000000E+03
    1.14000000000000E+02     1.14800000000000E+03
    1.15000000000000E+02     1.21400000000000E+03
    1.16000000000000E+02     1.20400000000000E+03
    1.17000000000000E+02     1.12200000000000E+03
    1.18000000000000E+02     1.05100000000000E+03
    1.19000000000000E+02     1.03600000000000E+03
    1.20000000000000E+02     1.06500000000000E+03
    1.21000000000000E+02     1.18900000000000E+03
    1.22000000000000E+02     1.29500000000000E+03
    1.23000000000000E+02     1.24800000000000E+03
    1.24000000000000E+02     1.30000000000000E+03
    1.25000000000000E+02     1.24000000000000E+03
    1.26000000000000E+02     1.07800000000000E+03
    1.27000000000000E+02     8.21000000000000E+02
    1.28000000000000E+02     8.45000000000000E+02
    1.29000000000000E+02     9.36000000000000E+02
    1.30000000000000E+02     8.61000000000000E+02
    1.31000000000000E+02     8.47000000000000E+02
    1.32000000000000E+02     9.24000000000000E+02
    1.33000000000000E+02     1.02700000000000E+03
    1.34000000000000E+02     1.16200000000000E+03
    1.35000000000000E+02     1.35600000000000E+03
    1.36000000000000E+02     1.26500000000000E+03
    1.37000000000000E+02     1.19700000000000E+03
    1.38000000000000E+02     1.09100000000000E+03
    1.39000000000000E+02     1.11000000000000E+03
    1.40000000000000E+02     1.23800000000000E+03
    1.41000000000000E+02     1.11800000000000E+03
    1.42000000000000E+02     1.08700000000000E+03
    1.43000000000000E+02     1.19000000000000E+03
    1.44000000000000E+02     1.20400000000000E+03
    1.45000000000000E+02     1.12000000000000E+03
    1.46000000000000E+02     1.05900000000000E+03
    1.47000000000000E+02     1.19400000000000E+03
    1.48000000000000E+02     1.27600000000000E+03
    1.49000000000000E+02     1.21100000000000E+03
    1.50000000000000E+02     1.24100000000000E+03
    1.51000000000000E+02     1.09600000000000E+03
    1.52000000000000E+02     1.03600000000000E+03
    1.53000000000000E+02     1.08200000000000E+03
    1.54000000000000E+02     1.23900000000000E+03
    1.55000000000000E+02     1.11300000000000E+03
    1.56000000000000E+02     1.00800000000000E+03
    1.57000000000000E+02     1.11400000000000E+03
    1.58000000000000E+02     1.14200000000000E+03
    1.59000000000000E+02     1.14900000000000E+03
    1.60000000000000E+02     1.21600000000000E+03
    1.61000000000000E+02     1.17200000000000E+03
    1.62000000000000E+02     1.09500000000000E+03
    1.63000000000000E+02     1.15400000000000E+03
    1.64000000000000E+02     1.25700000000000E+03
    1.65000000000000E+02     1.10700000000000E+03
    1.66000000000000E+02     1.06300000000000E+03
    1.67000000000000E+02     1.04400000000000E+03
    1.68000000000000E+02     1.15900000000000E+03
    1.69000000000000E+02     1.17800000000000E+03
    1.70000000000000E+02     1.27600000000000E+03
    1.71000000000000E+02     1.14800000000000E+03
    1.72000000000000E+02     1.37400000000000E+03
    1.73000000000000E+02     1.15900000000000E+03
    1.74000000000000E+02     1.28400000000000E+03
    1.75000000000000E+02     1.26000000000000E+03
    1.76000000000000E+02     1.13400000000000E+03
    1.77000000000000E+02     1.07500000000000E+03
    1.78000000000000E+02     1.24800000000000E+03
    1.79000000000000E+02     1.09600000000000E+03
    1.80000000000000E+02     1.11400000000000E+03
    1.81000000000000E+02     1.08300000000000E+03
    1.82000000000000E+02     1.20400000000000E+03
    1.83000000000000E+02     1.06300000000000E+03
    1.84000000000000E+02     1.08700000000000E+03
    1.85000000000000E+02     1.17100000000000E+03
    1.86000000000000E+02     1.24100000000000E+03
    1.87000000000000E+02     1.15300000000000E+03
    1.88000000000000E+02     1.31200000000000E+03
    1.89000000000000E+02     1.31900000000000E+03
    1.90000000000000E+02     1.19800000000000E+03
    1.91000000000000E+02     1.23000000000000E+03
    1.92000000000000E+02     1.01200000000000E+03
    1.93000000000000E+02     7.73000000000000E+02
    1.94000000000000E+02     8.19000000000000E+02
    1.95000000000000E+02     9.61000000000000E+02
    1.96000000000000E+02     1.01500000000000E+03
    1.97000000000000E+02     1.13200000000000E+03
    1.98000000000000E+02     1.28700000000000E+03
    1.99000000000000E+02     1.14600000000000E+03
    2.00000000000000E+02     1.21400000000000E+03
    2.01000000000000E+02     1.11800000000000E+03
    2.02000000000000E+02     1.05900000000000E+03
    2.03000000000000E+02     1.10100000000000E+03
    2.04000000000000E+02     1.17200000000000E+03
    2.05000000000000E+02     1.23200000000000E+03
    2.06000000000000E+02     1.27000000000000E+03
    2.07000000000000E+02     1.40800000000000E+03
    2.08000000000000E+02     1.32400000000000E+03
    2.09000000000000E+02     1.24200000000000E+03
    2.10000000000000E+02     1.29400000000000E+03
    2.11000000000000E+02     1.14000000000000E+03
    2.12000000000000E+02     1.04900000000000E+03
    2.13000000000000E+02     9.86000000000000E+02
    2.14000000000000E+02     9.86000000000000E+02
    2.15000000000000E+02     1.10400000000000E+03
    2.16000000000000E+02     1.06200000000000E+03
    2.17000000000000E+02     1.11600000000000E+03
    2.18000000000000E+02     1.21200000000000E+03
    2.19000000000000E+02     1.16900000000000E+03
    2.20000000000000E+02     1.02500000000000E+03
    2.21000000000000E+02     1.18000000000000E+03
    2.22000000000000E+02     1.26200000000000E+03
    2.23000000000000E+02     1.06100000000000E+03
    2.24000000000000E+02     1.14400000000000E+03
    2.25000000000000E+02     1.28200000000000E+03
    2.26000000000000E+02     1.18500000000000E+03
    2.27000000000000E+02     1.28200000000000E+03
    2.28000000000000E+02     1.25800000000000E+03
    2.29000000000000E+02     1.28300000000000E+03
    2.30000000000000E+02     1.21300000000000E+03
    2.31000000000000E+02     1.33600000000000E+03
    2.32000000000000E+02     1.43800000000000E+03
    2.33000000000000E+02     1.27100000000000E+03
    2.34000000000000E+02     1.22500000000000E+03
    2.35000000000000E+02     1.12800000000000E+03
    2.36000000000000E+02     8.88000000000000E+02
    2.37000000000000E+02     8.60000000000000E+02
    2.38000000000000E+02     9.37000000000000E+02
    2.39000000000000E+02     9.39000000000000E+02
    2.40000000000000E+02     9.24000000000000E+02
    2.41000000000000E+02     1.04000000000000E+03
    2.42000000000000E+02     1.14900000000000E+03
    2.43000000000000E+02     1.24700000000000E+03
    2.44000000000000E+02     1.16300000000000E+03
    2.45000000000000E+02     1.32000000000000E+03
    2.46000000000000E+02     1.17100000000000E+03
    2.47000000000000E+02     1.25200000000000E+03
    2.48000000000000E+02     1.12400000000000E+03
    2.49000000000000E+02     1.06700000000000E+03
    2.50000000000000E+02     1.03500000000000E+03
    2.51000000000000E+02     1.17800000000000E+03
    2.52000000000000E+02     1.23400000000000E+03
    2.53000000000000E+02     1.19200000000000E+03
    2.54000000000000E+02     1.14000000000000E+03
    2.55000000000000E+02     1.13600000000000E+03
    2.56000000000000E+02     1.27700000000000E+03
    2.57000000000000E+02     1.19000000000000E+03
    2.58000000000000E+02     1.25100000000000E+03
    2.59000000000000E+02     1.28200000000000E+03
    2.60000000000000E+02     1.40600000000000E+03
    2.61000000000000E+02     1.42500000000000E+03
    2.62000000000000E+02     1.45600000000000E+03
    2.63000000000000E+02     1.42300000000000E+03
    2.64000000000000E+02     1.39700000000000E+03
    2.65000000000000E+02     1.58000000000000E+03
    2.66000000000000E+02     1.72100000000000E+03
    2.67000000000000E+02     1.81000000000000E+03
    2.68000000000000E+02     1.91400000000000E+03
    2.69000000000000E+02     1.71700000000000E+03
    2.70000000000000E+02     1.73200000000000E+03
    2.71000000000000E+02     2.00100000000000E+03
    2.72000000000000E+02     1.85100000000000E+03
    2.73000000000000E+02     2.05300000000000E+03
    2.74000000000000E+02     2.19800000000000E+03
    2.75000000000000E+02     2.10400000000000E+03
    2.76000000000000E+02     1.86900000000000E+03
    2.77000000000000E+02     2.12900000000000E+03
    2.78000000000000E+02     2.17400000000000E+03
    2.79000000000000E+02     2.30700000000000E+03
    2.80000000000000E+02     2.34800000000000E+03
    2.81000000000000E+02     2.39400000000000E+03
    2.82000000000000E+02     2.35900000000000E+03
    2.83000000000000E+02     2.46100000000000E+03
    2.84000000000000E+02     2.51500000000000E+03
    2.85000000000000E+02     2.62500000000000E+03
    2.86000000000000E+02     3.01100000000000E+03
    2.87000000000000E+02     3.12500000000000E+03
    2.88000000000000E+02     3.28600000000000E+03
    2.89000000000000E+02     3.71100000000000E+03
    2.90000000000000E+02     4.10900000000000E+03
    2.91000000000000E+02     4.29500000000000E+03
    2.92000000000000E+02     4.37300000000000E+03
    2.93000000000000E+02     4.80700000000000E+03
    2.94000000000000E+02     5.06600000000000E+03
    2.95000000000000E+02     5.20600000000000E+03
    2.96000000000000E+02     5.74300000000000E+03
    2.97000000000000E+02     6.27100000000000E+03
