    1.00000000000000E+00     9.75000000000000E+02
    2.00000000000000E+00     9.15000000000000E+02
    3.00000000000000E+00     7.54000000000000E+02
    4.00000000000000E+00     7.48000000000000E+02
    5.00000000000000E+00     7.94000000000000E+02
    6.00000000000000E+00     9.37000000000000E+02
    7.00000000000000E+00     7.48000000000000E+02
    8.00000000000000E+00     7.98000000000000E+02
    9.00000000000000E+00     8.73000000000000E+02
    1.00000000000000E+01     8.92000000000000E+02
    1.10000000000000E+01     9.45000000000000E+02
    1.20000000000000E+01     7.77000000000000E+02
    1.30000000000000E+01     8.94000000000000E+02
    1.40000000000000E+01     8.71000000000000E+02
    1.50000000000000E+01     9.19000000000000E+02
    1.60000000000000E+01     8.97000000000000E+02
    1.70000000000000E+01     1.03500000000000E+03
    1.80000000000000E+01     8.86000000000000E+02
    1.90000000000000E+01     9.50000000000000E+02
    2.00000000000000E+01     8.97000000000000E+02
    2.10000000000000E+01     9.01000000000000E+02
    2.20000000000000E+01     7.48000000000000E+02
    2.30000000000000E+01     6.73000000000000E+02
    2.40000000000000E+01     7.39000000000000E+02
    2.50000000000000E+01     8.70000000000000E+02
    2.60000000000000E+01     9.15000000000000E+02
    2.70000000000000E+01     8.28000000000000E+02
    2.80000000000000E+01     9.51000000000000E+02
    2.90000000000000E+01     9.11000000000000E+02
    3.00000000000000E+01     8.49000000000000E+02
    3.10000000000000E+01     8.16000000000000E+02
    3.20000000000000E+01     8.55000000000000E+02
    3.30000000000000E+01     1.03200000000000E+03
    3.40000000000000E+01     9.03000000000000E+02
    3.50000000000000E+01     8.24000000000000E+02
    3.60000000000000E+01     7.63000000000000E+02
    3.70000000000000E+01     7.81000000000000E+02
    3.80000000000000E+01     9.53000000000000E+02
    3.90000000000000E+01     9.00000000000000E+02
    4.00000000000000E+01     7.79000000000000E+02
    4.10000000000000E+01     7.95000000000000E+02
    4.20000000000000E+01     7.64000000000000E+02
    4.30000000000000E+01     8.38000000000000E+02
    4.40000000000000E+01     7.76000000000000E+02
    4.50000000000000E+01     9.48000000000000E+02
    4.60000000000000E+01     9.15000000000000E+02
    4.70000000000000E+01     1.03800000000000E+03
    4.80000000000000E+01     1.14200000000000E+03
    4.90000000000000E+01     1.01100000000000E+03
    5.00000000000000E+01     1.09300000000000E+03
    5.10000000000000E+01     1.01000000000000E+03
    5.20000000000000E+01     1.11200000000000E+03
    5.30000000000000E+01     1.02000000000000E+03
    5.40000000000000E+01     1.09200000000000E+03
    5.50000000000000E+01     1.14700000000000E+03
    5.60000000000000E+01     1.17600000000000E+03
    5.70000000000000E+01     1.11500000000000E+03
    5.80000000000000E+01     1.04700000000000E+03
    5.90000000000000E+01     9.26000000000000E+02
    6.00000000000000E+01     9.40000000000000E+02
    6.10000000000000E+01     7.01000000000000E+02
    6.20000000000000E+01     4.87000000000000E+02
    6.30000000000000E+01     5.87000000000000E+02
    6.40000000000000E+01     6.35000000000000E+02
    6.50000000000000E+01     7.56000000000000E+02
    6.60000000000000E+01     8.01000000000000E+02
    6.70000000000000E+01     9.15000000000000E+02
    6.80000000000000E+01     7.59000000000000E+02
    6.90000000000000E+01     8.90000000000000E+02
    7.00000000000000E+01     7.45000000000000E+02
    7.10000000000000E+01     7.76000000000000E+02
    7.20000000000000E+01     8.01000000000000E+02
    7.30000000000000E+01     8.19000000000000E+02
    7.40000000000000E+01     9.22000000000000E+02
    7.50000000000000E+01     8.00000000000000E+02
    7.60000000000000E+01     8.17000000000000E+02
    7.70000000000000E+01     9.02000000000000E+02
    7.80000000000000E+01     8.39000000000000E+02
    7.90000000000000E+01     8.92000000000000E+02
    8.00000000000000E+01     9.91000000000000E+02
    8.10000000000000E+01     8.71000000000000E+02
    8.20000000000000E+01     8.15000000000000E+02
    8.30000000000000E+01     9.16000000000000E+02
    8.40000000000000E+01     8.41000000000000E+02
    8.50000000000000E+01     9.29000000000000E+02
    8.60000000000000E+01     9.72000000000000E+02
    8.70000000000000E+01     1.01100000000000E+03
    8.80000000000000E+01     9.79000000000000E+02
    8.90000000000000E+01     8.55000000000000E+02
    9.00000000000000E+01     9.44000000000000E+02
    9.10000000000000E+01     8.69000000000000E+02
    9.20000000000000E+01     1.04700000000000E+03
    9.30000000000000E+01     9.79000000000000E+02
    9.40000000000000E+01     9.56000000000000E+02
    9.50000000000000E+01     9.68000000000000E+02
    9.60000000000000E+01     8.79000000000000E+02
    9.70000000000000E+01     9.52000000000000E+02
    9.80000000000000E+01     9.47000000000000E+02
    9.90000000000000E+01     7.37000000000000E+02
    1.00000000000000E+02     6.71000000000000E+02
    1.01000000000000E+02     7.19000000000000E+02
    1.02000000000000E+02     8.26000000000000E+02
    1.03000000000000E+02     8.38000000000000E+02
    1.04000000000000E+02     8.72000000000000E+02
    1.05000000000000E+02     1.02500000000000E+03
    1.06000000000000E+02     8.91000000000000E+02
    1.07000000000000E+02     9.51000000000000E+02
    1.08000000000000E+02     9.19000000000000E+02
    1.09000000000000E+02     8.28000000000000E+02
    1.10000000000000E+02     7.67000000000000E+02
    1.11000000000000E+02     8.32000000000000E+02
    1.12000000000000E+02     9.43000000000000E+02
    1.13000000000000E+02     9.16000000000000E+02
    1.14000000000000E+02     9.39000000000000E+02
    1.15000000000000E+02     1.00400000000000E+03
    1.16000000000000E+02     8.94000000000000E+02
    1.17000000000000E+02     9.60000000000000E+02
    1.18000000000000E+02     8.25000000000000E+02
    1.19000000000000E+02     8.25000000000000E+02
    1.20000000000000E+02     8.89000000000000E+02
    1.21000000000000E+02     9.67000000000000E+02
    1.22000000000000E+02     9.11000000000000E+02
    1.23000000000000E+02     9.32000000000000E+02
    1.24000000000000E+02     8.63000000000000E+02
    1.25000000000000E+02     8.49000000000000E+02
    1.26000000000000E+02     9.04000000000000E+02
    1.27000000000000E+02     7.62000000000000E+02
    1.28000000000000E+02     7.05000000000000E+02
    1.29000000000000E+02     8.31000000000000E+02
    1.30000000000000E+02     8.22000000000000E+02
    1.31000000000000E+02     8.32000000000000E+02
    1.32000000000000E+02     8.90000000000000E+02
    1.33000000000000E+02     9.22000000000000E+02
    1.34000000000000E+02     7.57000000000000E+02
    1.35000000000000E+02     7.40000000000000E+02
    1.36000000000000E+02     8.14000000000000E+02
    1.37000000000000E+02     9.99000000000000E+02
    1.38000000000000E+02     8.63000000000000E+02
    1.39000000000000E+02     1.00000000000000E+03
    1.40000000000000E+02     9.00000000000000E+02
    1.41000000000000E+02     7.18000000000000E+02
    1.42000000000000E+02     7.30000000000000E+02
    1.43000000000000E+02     8.34000000000000E+02
    1.44000000000000E+02     8.74000000000000E+02
    1.45000000000000E+02     9.49000000000000E+02
    1.46000000000000E+02     7.70000000000000E+02
    1.47000000000000E+02     8.75000000000000E+02
    1.48000000000000E+02     8.67000000000000E+02
    1.49000000000000E+02     9.32000000000000E+02
    1.50000000000000E+02     9.23000000000000E+02
    1.51000000000000E+02     8.33000000000000E+02
    1.52000000000000E+02     8.11000000000000E+02
    1.53000000000000E+02     8.50000000000000E+02
    1.54000000000000E+02     8.87000000000000E+02
    1.55000000000000E+02     1.07900000000000E+03
