    1.00000000000000E+00     8.81000000000000E+02
    2.00000000000000E+00     9.12000000000000E+02
    3.00000000000000E+00     8.00000000000000E+02
    4.00000000000000E+00     7.55000000000000E+02
    5.00000000000000E+00     7.81000000000000E+02
    6.00000000000000E+00     8.60000000000000E+02
    7.00000000000000E+00     9.25000000000000E+02
    8.00000000000000E+00     8.55000000000000E+02
    9.00000000000000E+00     9.36000000000000E+02
    1.00000000000000E+01     8.33000000000000E+02
    1.10000000000000E+01     8.79000000000000E+02
    1.20000000000000E+01     9.91000000000000E+02
    1.30000000000000E+01     9.12000000000000E+02
    1.40000000000000E+01     8.50000000000000E+02
    1.50000000000000E+01     8.33000000000000E+02
    1.60000000000000E+01     8.28000000000000E+02
    1.70000000000000E+01     1.02700000000000E+03
    1.80000000000000E+01     9.22000000000000E+02
    1.90000000000000E+01     9.71000000000000E+02
    2.00000000000000E+01     1.06600000000000E+03
    2.10000000000000E+01     1.04100000000000E+03
    2.20000000000000E+01     9.64000000000000E+02
    2.30000000000000E+01     9.75000000000000E+02
    2.40000000000000E+01     8.66000000000000E+02
    2.50000000000000E+01     9.00000000000000E+02
    2.60000000000000E+01     7.99000000000000E+02
    2.70000000000000E+01     7.05000000000000E+02
    2.80000000000000E+01     7.78000000000000E+02
    2.90000000000000E+01     9.52000000000000E+02
    3.00000000000000E+01     9.28000000000000E+02
    3.10000000000000E+01     1.07200000000000E+03
    3.20000000000000E+01     1.00300000000000E+03
    3.30000000000000E+01     1.02300000000000E+03
    3.40000000000000E+01     9.22000000000000E+02
    3.50000000000000E+01     9.00000000000000E+02
    3.60000000000000E+01     1.13700000000000E+03
    3.70000000000000E+01     1.14500000000000E+03
    3.80000000000000E+01     1.17000000000000E+03
    3.90000000000000E+01     1.14800000000000E+03
    4.00000000000000E+01     1.27400000000000E+03
    4.10000000000000E+01     1.29400000000000E+03
    4.20000000000000E+01     1.28100000000000E+03
    4.30000000000000E+01     1.38700000000000E+03
    4.40000000000000E+01     1.44200000000000E+03
    4.50000000000000E+01     1.52600000000000E+03
    4.60000000000000E+01     1.55200000000000E+03
    4.70000000000000E+01     1.51900000000000E+03
    4.80000000000000E+01     1.60000000000000E+03
    4.90000000000000E+01     1.53300000000000E+03
    5.00000000000000E+01     1.46800000000000E+03
    5.10000000000000E+01     1.60400000000000E+03
    5.20000000000000E+01     1.70000000000000E+03
    5.30000000000000E+01     1.78500000000000E+03
    5.40000000000000E+01     1.62700000000000E+03
    5.50000000000000E+01     1.62300000000000E+03
    5.60000000000000E+01     1.75800000000000E+03
    5.70000000000000E+01     1.92400000000000E+03
    5.80000000000000E+01     1.97400000000000E+03
    5.90000000000000E+01     1.97200000000000E+03
    6.00000000000000E+01     2.08600000000000E+03
    6.10000000000000E+01     2.06500000000000E+03
    6.20000000000000E+01     2.24900000000000E+03
    6.30000000000000E+01     2.31600000000000E+03
    6.40000000000000E+01     2.58200000000000E+03
    6.50000000000000E+01     2.77800000000000E+03
    6.60000000000000E+01     3.05900000000000E+03
    6.70000000000000E+01     3.30600000000000E+03
    6.80000000000000E+01     3.45700000000000E+03
    6.90000000000000E+01     3.75200000000000E+03
    7.00000000000000E+01     4.10000000000000E+03
    7.10000000000000E+01     4.58900000000000E+03
