    1.00000000000000E+00     1.01300000000000E+03
    2.00000000000000E+00     1.05800000000000E+03
    3.00000000000000E+00     1.10900000000000E+03
    4.00000000000000E+00     1.03900000000000E+03
    5.00000000000000E+00     9.66000000000000E+02
    6.00000000000000E+00     1.03400000000000E+03
    7.00000000000000E+00     9.68000000000000E+02
    8.00000000000000E+00     9.12000000000000E+02
    9.00000000000000E+00     8.67000000000000E+02
    1.00000000000000E+01     7.76000000000000E+02
    1.10000000000000E+01     9.64000000000000E+02
    1.20000000000000E+01     9.05000000000000E+02
    1.30000000000000E+01     8.60000000000000E+02
    1.40000000000000E+01     8.45000000000000E+02
    1.50000000000000E+01     9.46000000000000E+02
    1.60000000000000E+01     7.55000000000000E+02
    1.70000000000000E+01     6.41000000000000E+02
    1.80000000000000E+01     7.47000000000000E+02
    1.90000000000000E+01     9.18000000000000E+02
    2.00000000000000E+01     7.96000000000000E+02
    2.10000000000000E+01     7.89000000000000E+02
    2.20000000000000E+01     8.25000000000000E+02
    2.30000000000000E+01     9.77000000000000E+02
    2.40000000000000E+01     9.43000000000000E+02
    2.50000000000000E+01     8.85000000000000E+02
    2.60000000000000E+01     8.97000000000000E+02
    2.70000000000000E+01     9.38000000000000E+02
    2.80000000000000E+01     1.15800000000000E+03
    2.90000000000000E+01     1.04700000000000E+03
    3.00000000000000E+01     9.93000000000000E+02
    3.10000000000000E+01     9.71000000000000E+02
    3.20000000000000E+01     1.00700000000000E+03
    3.30000000000000E+01     1.16100000000000E+03
    3.40000000000000E+01     1.21700000000000E+03
    3.50000000000000E+01     1.14900000000000E+03
    3.60000000000000E+01     1.16300000000000E+03
    3.70000000000000E+01     1.13900000000000E+03
    3.80000000000000E+01     1.16800000000000E+03
    3.90000000000000E+01     1.15400000000000E+03
    4.00000000000000E+01     1.06100000000000E+03
    4.10000000000000E+01     1.06700000000000E+03
    4.20000000000000E+01     9.61000000000000E+02
    4.30000000000000E+01     9.96000000000000E+02
    4.40000000000000E+01     1.09300000000000E+03
    4.50000000000000E+01     9.46000000000000E+02
    4.60000000000000E+01     9.90000000000000E+02
    4.70000000000000E+01     8.94000000000000E+02
    4.80000000000000E+01     5.30000000000000E+02
    4.90000000000000E+01     4.96000000000000E+02
    5.00000000000000E+01     5.41000000000000E+02
    5.10000000000000E+01     6.53000000000000E+02
    5.20000000000000E+01     6.64000000000000E+02
    5.30000000000000E+01     8.26000000000000E+02
    5.40000000000000E+01     8.33000000000000E+02
    5.50000000000000E+01     8.10000000000000E+02
    5.60000000000000E+01     8.48000000000000E+02
    5.70000000000000E+01     9.68000000000000E+02
    5.80000000000000E+01     8.99000000000000E+02
    5.90000000000000E+01     8.88000000000000E+02
    6.00000000000000E+01     9.40000000000000E+02
    6.10000000000000E+01     7.51000000000000E+02
    6.20000000000000E+01     8.20000000000000E+02
    6.30000000000000E+01     7.93000000000000E+02
    6.40000000000000E+01     9.02000000000000E+02
    6.50000000000000E+01     6.73000000000000E+02
    6.60000000000000E+01     5.91000000000000E+02
    6.70000000000000E+01     7.09000000000000E+02
    6.80000000000000E+01     8.25000000000000E+02
    6.90000000000000E+01     7.87000000000000E+02
    7.00000000000000E+01     9.60000000000000E+02
    7.10000000000000E+01     9.10000000000000E+02
    7.20000000000000E+01     7.10000000000000E+02
    7.30000000000000E+01     7.07000000000000E+02
    7.40000000000000E+01     7.55000000000000E+02
    7.50000000000000E+01     8.18000000000000E+02
    7.60000000000000E+01     8.44000000000000E+02
    7.70000000000000E+01     9.58000000000000E+02
    7.80000000000000E+01     8.67000000000000E+02
    7.90000000000000E+01     9.66000000000000E+02
    8.00000000000000E+01     6.70000000000000E+02
    8.10000000000000E+01     7.33000000000000E+02
    8.20000000000000E+01     8.20000000000000E+02
    8.30000000000000E+01     9.27000000000000E+02
    8.40000000000000E+01     9.05000000000000E+02
    8.50000000000000E+01     9.30000000000000E+02
    8.60000000000000E+01     8.79000000000000E+02
    8.70000000000000E+01     9.29000000000000E+02
    8.80000000000000E+01     9.96000000000000E+02
    8.90000000000000E+01     9.95000000000000E+02
    9.00000000000000E+01     8.88000000000000E+02
    9.10000000000000E+01     9.19000000000000E+02
    9.20000000000000E+01     6.54000000000000E+02
    9.30000000000000E+01     6.89000000000000E+02
    9.40000000000000E+01     7.43000000000000E+02
    9.50000000000000E+01     8.16000000000000E+02
    9.60000000000000E+01     9.12000000000000E+02
    9.70000000000000E+01     7.86000000000000E+02
    9.80000000000000E+01     7.47000000000000E+02
    9.90000000000000E+01     7.59000000000000E+02
    1.00000000000000E+02     8.08000000000000E+02
    1.01000000000000E+02     9.28000000000000E+02
    1.02000000000000E+02     8.81000000000000E+02
    1.03000000000000E+02     1.04000000000000E+03
    1.04000000000000E+02     9.12000000000000E+02
    1.05000000000000E+02     7.58000000000000E+02
    1.06000000000000E+02     7.07000000000000E+02
    1.07000000000000E+02     7.49000000000000E+02
    1.08000000000000E+02     8.20000000000000E+02
    1.09000000000000E+02     8.36000000000000E+02
    1.10000000000000E+02     9.29000000000000E+02
    1.11000000000000E+02     8.35000000000000E+02
    1.12000000000000E+02     7.60000000000000E+02
    1.13000000000000E+02     8.61000000000000E+02
    1.14000000000000E+02     9.49000000000000E+02
    1.15000000000000E+02     7.31000000000000E+02
    1.16000000000000E+02     6.98000000000000E+02
    1.17000000000000E+02     7.17000000000000E+02
    1.18000000000000E+02     8.10000000000000E+02
    1.19000000000000E+02     9.21000000000000E+02
    1.20000000000000E+02     8.88000000000000E+02
    1.21000000000000E+02     8.83000000000000E+02
    1.22000000000000E+02     9.57000000000000E+02
    1.23000000000000E+02     8.48000000000000E+02
    1.24000000000000E+02     9.54000000000000E+02
    1.25000000000000E+02     9.74000000000000E+02
    1.26000000000000E+02     1.10800000000000E+03
    1.27000000000000E+02     9.79000000000000E+02
    1.28000000000000E+02     9.31000000000000E+02
    1.29000000000000E+02     8.08000000000000E+02
    1.30000000000000E+02     8.27000000000000E+02
    1.31000000000000E+02     8.96000000000000E+02
    1.32000000000000E+02     8.41000000000000E+02
    1.33000000000000E+02     9.03000000000000E+02
    1.34000000000000E+02     6.54000000000000E+02
    1.35000000000000E+02     6.09000000000000E+02
    1.36000000000000E+02     6.81000000000000E+02
    1.37000000000000E+02     7.23000000000000E+02
    1.38000000000000E+02     7.98000000000000E+02
    1.39000000000000E+02     8.59000000000000E+02
    1.40000000000000E+02     9.42000000000000E+02
    1.41000000000000E+02     8.93000000000000E+02
    1.42000000000000E+02     9.80000000000000E+02
    1.43000000000000E+02     9.98000000000000E+02
    1.44000000000000E+02     1.05300000000000E+03
    1.45000000000000E+02     9.54000000000000E+02
    1.46000000000000E+02     8.41000000000000E+02
    1.47000000000000E+02     7.87000000000000E+02
    1.48000000000000E+02     9.30000000000000E+02
    1.49000000000000E+02     1.15800000000000E+03
    1.50000000000000E+02     1.05600000000000E+03
    1.51000000000000E+02     1.02300000000000E+03
    1.52000000000000E+02     9.33000000000000E+02
    1.53000000000000E+02     9.22000000000000E+02
    1.54000000000000E+02     1.10700000000000E+03
    1.55000000000000E+02     1.17800000000000E+03
    1.56000000000000E+02     1.04400000000000E+03
    1.57000000000000E+02     1.09200000000000E+03
    1.58000000000000E+02     1.08800000000000E+03
    1.59000000000000E+02     9.80000000000000E+02
    1.60000000000000E+02     9.09000000000000E+02
    1.61000000000000E+02     8.51000000000000E+02
    1.62000000000000E+02     6.83000000000000E+02
    1.63000000000000E+02     6.91000000000000E+02
    1.64000000000000E+02     7.68000000000000E+02
    1.65000000000000E+02     8.96000000000000E+02
    1.66000000000000E+02     9.48000000000000E+02
    1.67000000000000E+02     9.88000000000000E+02
    1.68000000000000E+02     9.73000000000000E+02
    1.69000000000000E+02     9.24000000000000E+02
    1.70000000000000E+02     8.85000000000000E+02
    1.71000000000000E+02     8.43000000000000E+02
    1.72000000000000E+02     9.27000000000000E+02
    1.73000000000000E+02     8.01000000000000E+02
    1.74000000000000E+02     8.40000000000000E+02
    1.75000000000000E+02     9.12000000000000E+02
    1.76000000000000E+02     8.26000000000000E+02
    1.77000000000000E+02     9.25000000000000E+02
    1.78000000000000E+02     8.81000000000000E+02
    1.79000000000000E+02     8.41000000000000E+02
    1.80000000000000E+02     8.78000000000000E+02
    1.81000000000000E+02     9.22000000000000E+02
    1.82000000000000E+02     8.95000000000000E+02
    1.83000000000000E+02     1.06600000000000E+03
    1.84000000000000E+02     9.84000000000000E+02
    1.85000000000000E+02     9.60000000000000E+02
    1.86000000000000E+02     9.42000000000000E+02
    1.87000000000000E+02     9.36000000000000E+02
    1.88000000000000E+02     1.03400000000000E+03
    1.89000000000000E+02     9.43000000000000E+02
    1.90000000000000E+02     8.95000000000000E+02
    1.91000000000000E+02     9.02000000000000E+02
    1.92000000000000E+02     7.25000000000000E+02
    1.93000000000000E+02     7.57000000000000E+02
    1.94000000000000E+02     7.43000000000000E+02
    1.95000000000000E+02     8.21000000000000E+02
    1.96000000000000E+02     8.20000000000000E+02
    1.97000000000000E+02     1.00100000000000E+03
    1.98000000000000E+02     9.41000000000000E+02
    1.99000000000000E+02     1.00300000000000E+03
    2.00000000000000E+02     1.05400000000000E+03
    2.01000000000000E+02     9.96000000000000E+02
    2.02000000000000E+02     9.64000000000000E+02
    2.03000000000000E+02     1.05800000000000E+03
    2.04000000000000E+02     1.03500000000000E+03
    2.05000000000000E+02     9.70000000000000E+02
    2.06000000000000E+02     9.00000000000000E+02
    2.07000000000000E+02     9.35000000000000E+02
    2.08000000000000E+02     7.98000000000000E+02
    2.09000000000000E+02     5.49000000000000E+02
    2.10000000000000E+02     5.74000000000000E+02
    2.11000000000000E+02     7.21000000000000E+02
    2.12000000000000E+02     7.44000000000000E+02
    2.13000000000000E+02     8.25000000000000E+02
    2.14000000000000E+02     9.54000000000000E+02
    2.15000000000000E+02     7.00000000000000E+02
    2.16000000000000E+02     7.77000000000000E+02
    2.17000000000000E+02     1.00400000000000E+03
    2.18000000000000E+02     8.46000000000000E+02
    2.19000000000000E+02     9.40000000000000E+02
    2.20000000000000E+02     7.14000000000000E+02
    2.21000000000000E+02     6.71000000000000E+02
    2.22000000000000E+02     7.35000000000000E+02
    2.23000000000000E+02     8.45000000000000E+02
    2.24000000000000E+02     8.54000000000000E+02
    2.25000000000000E+02     8.98000000000000E+02
    2.26000000000000E+02     8.72000000000000E+02
    2.27000000000000E+02     9.13000000000000E+02
    2.28000000000000E+02     8.81000000000000E+02
    2.29000000000000E+02     9.61000000000000E+02
    2.30000000000000E+02     8.39000000000000E+02
    2.31000000000000E+02     8.94000000000000E+02
    2.32000000000000E+02     8.95000000000000E+02
    2.33000000000000E+02     9.16000000000000E+02
    2.34000000000000E+02     7.82000000000000E+02
    2.35000000000000E+02     7.46000000000000E+02
    2.36000000000000E+02     8.66000000000000E+02
    2.37000000000000E+02     9.67000000000000E+02
    2.38000000000000E+02     9.48000000000000E+02
    2.39000000000000E+02     9.08000000000000E+02
    2.40000000000000E+02     9.10000000000000E+02
    2.41000000000000E+02     8.71000000000000E+02
    2.42000000000000E+02     7.48000000000000E+02
    2.43000000000000E+02     8.53000000000000E+02
    2.44000000000000E+02     8.94000000000000E+02
    2.45000000000000E+02     8.40000000000000E+02
    2.46000000000000E+02     8.96000000000000E+02
    2.47000000000000E+02     8.45000000000000E+02
    2.48000000000000E+02     1.00100000000000E+03
    2.49000000000000E+02     8.21000000000000E+02
    2.50000000000000E+02     9.28000000000000E+02
    2.51000000000000E+02     6.88000000000000E+02
    2.52000000000000E+02     6.55000000000000E+02
    2.53000000000000E+02     7.53000000000000E+02
    2.54000000000000E+02     8.26000000000000E+02
    2.55000000000000E+02     8.68000000000000E+02
    2.56000000000000E+02     8.43000000000000E+02
    2.57000000000000E+02     1.01800000000000E+03
    2.58000000000000E+02     1.03000000000000E+03
    2.59000000000000E+02     1.16900000000000E+03
    2.60000000000000E+02     1.22800000000000E+03
    2.61000000000000E+02     1.28200000000000E+03
    2.62000000000000E+02     1.54900000000000E+03
    2.63000000000000E+02     1.53100000000000E+03
    2.64000000000000E+02     1.50600000000000E+03
    2.65000000000000E+02     1.45800000000000E+03
    2.66000000000000E+02     1.60600000000000E+03
    2.67000000000000E+02     1.53600000000000E+03
    2.68000000000000E+02     1.51100000000000E+03
    2.69000000000000E+02     1.49300000000000E+03
    2.70000000000000E+02     1.36300000000000E+03
    2.71000000000000E+02     1.50500000000000E+03
    2.72000000000000E+02     1.62100000000000E+03
    2.73000000000000E+02     1.59500000000000E+03
    2.74000000000000E+02     1.62700000000000E+03
    2.75000000000000E+02     1.70500000000000E+03
    2.76000000000000E+02     1.57400000000000E+03
    2.77000000000000E+02     1.77400000000000E+03
    2.78000000000000E+02     1.83300000000000E+03
    2.79000000000000E+02     1.85400000000000E+03
    2.80000000000000E+02     2.02700000000000E+03
    2.81000000000000E+02     2.03500000000000E+03
    2.82000000000000E+02     2.07100000000000E+03
    2.83000000000000E+02     2.05000000000000E+03
    2.84000000000000E+02     1.96800000000000E+03
    2.85000000000000E+02     2.34700000000000E+03
    2.86000000000000E+02     2.63500000000000E+03
    2.87000000000000E+02     2.59100000000000E+03
    2.88000000000000E+02     2.99700000000000E+03
    2.89000000000000E+02     3.33300000000000E+03
    2.90000000000000E+02     3.39100000000000E+03
    2.91000000000000E+02     3.71100000000000E+03
    2.92000000000000E+02     4.03300000000000E+03
    2.93000000000000E+02     4.21400000000000E+03
    2.94000000000000E+02     4.61600000000000E+03
