    1.00000000000000E+00     8.60000000000000E+02
    2.00000000000000E+00     9.81000000000000E+02
    3.00000000000000E+00     9.63000000000000E+02
    4.00000000000000E+00     1.03800000000000E+03
    5.00000000000000E+00     1.12700000000000E+03
    6.00000000000000E+00     8.77000000000000E+02
    7.00000000000000E+00     9.80000000000000E+02
    8.00000000000000E+00     9.27000000000000E+02
    9.00000000000000E+00     8.89000000000000E+02
    1.00000000000000E+01     9.14000000000000E+02
    1.10000000000000E+01     8.22000000000000E+02
    1.20000000000000E+01     8.65000000000000E+02
    1.30000000000000E+01     9.60000000000000E+02
    1.40000000000000E+01     9.27000000000000E+02
    1.50000000000000E+01     9.29000000000000E+02
    1.60000000000000E+01     8.79000000000000E+02
    1.70000000000000E+01     8.92000000000000E+02
    1.80000000000000E+01     8.31000000000000E+02
    1.90000000000000E+01     9.12000000000000E+02
    2.00000000000000E+01     8.82000000000000E+02
    2.10000000000000E+01     9.34000000000000E+02
    2.20000000000000E+01     8.75000000000000E+02
    2.30000000000000E+01     8.87000000000000E+02
    2.40000000000000E+01     9.53000000000000E+02
    2.50000000000000E+01     8.90000000000000E+02
    2.60000000000000E+01     1.00600000000000E+03
    2.70000000000000E+01     9.04000000000000E+02
    2.80000000000000E+01     8.30000000000000E+02
    2.90000000000000E+01     9.05000000000000E+02
    3.00000000000000E+01     6.40000000000000E+02
    3.10000000000000E+01     6.46000000000000E+02
    3.20000000000000E+01     7.49000000000000E+02
    3.30000000000000E+01     7.94000000000000E+02
    3.40000000000000E+01     8.55000000000000E+02
    3.50000000000000E+01     9.57000000000000E+02
    3.60000000000000E+01     9.48000000000000E+02
    3.70000000000000E+01     9.86000000000000E+02
    3.80000000000000E+01     9.59000000000000E+02
    3.90000000000000E+01     1.01300000000000E+03
    4.00000000000000E+01     9.49000000000000E+02
    4.10000000000000E+01     8.38000000000000E+02
    4.20000000000000E+01     7.11000000000000E+02
    4.30000000000000E+01     7.44000000000000E+02
    4.40000000000000E+01     8.39000000000000E+02
    4.50000000000000E+01     8.71000000000000E+02
    4.60000000000000E+01     9.55000000000000E+02
    4.70000000000000E+01     7.99000000000000E+02
    4.80000000000000E+01     8.04000000000000E+02
    4.90000000000000E+01     8.11000000000000E+02
    5.00000000000000E+01     9.43000000000000E+02
    5.10000000000000E+01     7.99000000000000E+02
    5.20000000000000E+01     9.08000000000000E+02
    5.30000000000000E+01     7.33000000000000E+02
    5.40000000000000E+01     6.84000000000000E+02
    5.50000000000000E+01     7.04000000000000E+02
    5.60000000000000E+01     8.62000000000000E+02
    5.70000000000000E+01     1.02600000000000E+03
    5.80000000000000E+01     1.05000000000000E+03
    5.90000000000000E+01     1.04900000000000E+03
    6.00000000000000E+01     1.05200000000000E+03
    6.10000000000000E+01     1.03200000000000E+03
    6.20000000000000E+01     9.41000000000000E+02
    6.30000000000000E+01     1.08500000000000E+03
    6.40000000000000E+01     1.00800000000000E+03
    6.50000000000000E+01     8.55000000000000E+02
    6.60000000000000E+01     5.44000000000000E+02
    6.70000000000000E+01     6.57000000000000E+02
    6.80000000000000E+01     7.56000000000000E+02
    6.90000000000000E+01     8.36000000000000E+02
    7.00000000000000E+01     9.61000000000000E+02
    7.10000000000000E+01     8.01000000000000E+02
    7.20000000000000E+01     8.87000000000000E+02
    7.30000000000000E+01     8.39000000000000E+02
    7.40000000000000E+01     9.87000000000000E+02
    7.50000000000000E+01     1.04000000000000E+03
    7.60000000000000E+01     1.01900000000000E+03
    7.70000000000000E+01     1.08300000000000E+03
    7.80000000000000E+01     1.00900000000000E+03
    7.90000000000000E+01     7.84000000000000E+02
    8.00000000000000E+01     6.01000000000000E+02
    8.10000000000000E+01     7.68000000000000E+02
    8.20000000000000E+01     8.19000000000000E+02
    8.30000000000000E+01     8.58000000000000E+02
    8.40000000000000E+01     9.20000000000000E+02
    8.50000000000000E+01     8.96000000000000E+02
    8.60000000000000E+01     9.80000000000000E+02
    8.70000000000000E+01     1.02800000000000E+03
    8.80000000000000E+01     9.44000000000000E+02
    8.90000000000000E+01     1.00700000000000E+03
    9.00000000000000E+01     1.03400000000000E+03
    9.10000000000000E+01     1.16800000000000E+03
    9.20000000000000E+01     1.09200000000000E+03
    9.30000000000000E+01     9.47000000000000E+02
    9.40000000000000E+01     9.71000000000000E+02
    9.50000000000000E+01     9.38000000000000E+02
    9.60000000000000E+01     7.92000000000000E+02
    9.70000000000000E+01     6.54000000000000E+02
    9.80000000000000E+01     7.61000000000000E+02
    9.90000000000000E+01     8.93000000000000E+02
    1.00000000000000E+02     8.18000000000000E+02
    1.01000000000000E+02     8.70000000000000E+02
    1.02000000000000E+02     8.56000000000000E+02
    1.03000000000000E+02     8.90000000000000E+02
    1.04000000000000E+02     8.28000000000000E+02
    1.05000000000000E+02     9.86000000000000E+02
    1.06000000000000E+02     9.95000000000000E+02
    1.07000000000000E+02     1.15100000000000E+03
    1.08000000000000E+02     1.28500000000000E+03
    1.09000000000000E+02     1.29700000000000E+03
    1.10000000000000E+02     1.32200000000000E+03
    1.11000000000000E+02     1.32800000000000E+03
    1.12000000000000E+02     1.28800000000000E+03
    1.13000000000000E+02     1.23600000000000E+03
    1.14000000000000E+02     1.19900000000000E+03
    1.15000000000000E+02     1.41900000000000E+03
    1.16000000000000E+02     1.44100000000000E+03
    1.17000000000000E+02     1.44500000000000E+03
    1.18000000000000E+02     1.52200000000000E+03
    1.19000000000000E+02     1.62100000000000E+03
    1.20000000000000E+02     1.64500000000000E+03
    1.21000000000000E+02     1.85400000000000E+03
    1.22000000000000E+02     1.79100000000000E+03
    1.23000000000000E+02     1.98500000000000E+03
    1.24000000000000E+02     1.90100000000000E+03
    1.25000000000000E+02     1.90500000000000E+03
    1.26000000000000E+02     1.97300000000000E+03
    1.27000000000000E+02     2.06000000000000E+03
    1.28000000000000E+02     2.28700000000000E+03
    1.29000000000000E+02     2.70400000000000E+03
    1.30000000000000E+02     2.81800000000000E+03
    1.31000000000000E+02     2.93100000000000E+03
    1.32000000000000E+02     3.36400000000000E+03
    1.33000000000000E+02     3.69800000000000E+03
    1.34000000000000E+02     4.12700000000000E+03
    1.35000000000000E+02     4.58800000000000E+03
