    1.00000000000000E+00     1.04000000000000E+03
    2.00000000000000E+00     1.02800000000000E+03
    3.00000000000000E+00     1.14700000000000E+03
    4.00000000000000E+00     1.19700000000000E+03
    5.00000000000000E+00     1.11800000000000E+03
    6.00000000000000E+00     1.09900000000000E+03
    7.00000000000000E+00     1.17400000000000E+03
    8.00000000000000E+00     1.05900000000000E+03
    9.00000000000000E+00     1.05100000000000E+03
    1.00000000000000E+01     1.07600000000000E+03
    1.10000000000000E+01     1.05700000000000E+03
    1.20000000000000E+01     1.06900000000000E+03
    1.30000000000000E+01     1.06500000000000E+03
    1.40000000000000E+01     8.04000000000000E+02
    1.50000000000000E+01     5.72000000000000E+02
    1.60000000000000E+01     5.74000000000000E+02
    1.70000000000000E+01     7.07000000000000E+02
    1.80000000000000E+01     7.31000000000000E+02
    1.90000000000000E+01     8.40000000000000E+02
    2.00000000000000E+01     8.98000000000000E+02
    2.10000000000000E+01     8.43000000000000E+02
    2.20000000000000E+01     8.69000000000000E+02
    2.30000000000000E+01     1.03800000000000E+03
    2.40000000000000E+01     9.26000000000000E+02
    2.50000000000000E+01     8.87000000000000E+02
    2.60000000000000E+01     8.08000000000000E+02
    2.70000000000000E+01     8.04000000000000E+02
    2.80000000000000E+01     9.12000000000000E+02
    2.90000000000000E+01     7.55000000000000E+02
    3.00000000000000E+01     7.70000000000000E+02
    3.10000000000000E+01     9.08000000000000E+02
    3.20000000000000E+01     7.20000000000000E+02
    3.30000000000000E+01     7.18000000000000E+02
    3.40000000000000E+01     8.62000000000000E+02
    3.50000000000000E+01     7.93000000000000E+02
    3.60000000000000E+01     9.37000000000000E+02
    3.70000000000000E+01     9.13000000000000E+02
    3.80000000000000E+01     7.57000000000000E+02
    3.90000000000000E+01     7.08000000000000E+02
    4.00000000000000E+01     7.49000000000000E+02
    4.10000000000000E+01     8.15000000000000E+02
    4.20000000000000E+01     8.85000000000000E+02
    4.30000000000000E+01     1.00100000000000E+03
    4.40000000000000E+01     1.03300000000000E+03
    4.50000000000000E+01     1.01800000000000E+03
    4.60000000000000E+01     9.50000000000000E+02
    4.70000000000000E+01     8.32000000000000E+02
    4.80000000000000E+01     8.29000000000000E+02
    4.90000000000000E+01     8.37000000000000E+02
    5.00000000000000E+01     9.64000000000000E+02
    5.10000000000000E+01     9.52000000000000E+02
    5.20000000000000E+01     7.39000000000000E+02
    5.30000000000000E+01     7.48000000000000E+02
    5.40000000000000E+01     8.33000000000000E+02
    5.50000000000000E+01     9.61000000000000E+02
    5.60000000000000E+01     8.67000000000000E+02
    5.70000000000000E+01     8.57000000000000E+02
    5.80000000000000E+01     8.61000000000000E+02
    5.90000000000000E+01     9.63000000000000E+02
    6.00000000000000E+01     8.84000000000000E+02
    6.10000000000000E+01     8.68000000000000E+02
    6.20000000000000E+01     9.18000000000000E+02
    6.30000000000000E+01     8.58000000000000E+02
    6.40000000000000E+01     1.00900000000000E+03
    6.50000000000000E+01     1.01500000000000E+03
    6.60000000000000E+01     9.94000000000000E+02
    6.70000000000000E+01     1.06500000000000E+03
    6.80000000000000E+01     1.14900000000000E+03
    6.90000000000000E+01     1.06600000000000E+03
    7.00000000000000E+01     1.15900000000000E+03
    7.10000000000000E+01     1.06800000000000E+03
    7.20000000000000E+01     1.06100000000000E+03
    7.30000000000000E+01     1.01900000000000E+03
    7.40000000000000E+01     1.09900000000000E+03
    7.50000000000000E+01     1.06800000000000E+03
    7.60000000000000E+01     1.02500000000000E+03
    7.70000000000000E+01     8.96000000000000E+02
    7.80000000000000E+01     1.06900000000000E+03
    7.90000000000000E+01     8.83000000000000E+02
    8.00000000000000E+01     7.81000000000000E+02
    8.10000000000000E+01     9.13000000000000E+02
    8.20000000000000E+01     9.41000000000000E+02
    8.30000000000000E+01     8.09000000000000E+02
    8.40000000000000E+01     7.71000000000000E+02
    8.50000000000000E+01     7.90000000000000E+02
    8.60000000000000E+01     8.57000000000000E+02
    8.70000000000000E+01     1.03200000000000E+03
    8.80000000000000E+01     8.89000000000000E+02
    8.90000000000000E+01     9.80000000000000E+02
    9.00000000000000E+01     8.46000000000000E+02
    9.10000000000000E+01     9.34000000000000E+02
    9.20000000000000E+01     6.92000000000000E+02
    9.30000000000000E+01     6.56000000000000E+02
    9.40000000000000E+01     7.91000000000000E+02
    9.50000000000000E+01     8.19000000000000E+02
    9.60000000000000E+01     9.18000000000000E+02
    9.70000000000000E+01     7.09000000000000E+02
    9.80000000000000E+01     7.33000000000000E+02
    9.90000000000000E+01     7.89000000000000E+02
    1.00000000000000E+02     8.64000000000000E+02
    1.01000000000000E+02     9.53000000000000E+02
    1.02000000000000E+02     1.02800000000000E+03
    1.03000000000000E+02     1.05500000000000E+03
    1.04000000000000E+02     9.84000000000000E+02
    1.05000000000000E+02     9.85000000000000E+02
    1.06000000000000E+02     8.74000000000000E+02
    1.07000000000000E+02     9.78000000000000E+02
    1.08000000000000E+02     9.40000000000000E+02
    1.09000000000000E+02     9.56000000000000E+02
    1.10000000000000E+02     8.37000000000000E+02
    1.11000000000000E+02     8.69000000000000E+02
    1.12000000000000E+02     1.02400000000000E+03
    1.13000000000000E+02     8.21000000000000E+02
    1.14000000000000E+02     8.58000000000000E+02
    1.15000000000000E+02     1.02600000000000E+03
    1.16000000000000E+02     9.23000000000000E+02
    1.17000000000000E+02     9.16000000000000E+02
    1.18000000000000E+02     9.10000000000000E+02
    1.19000000000000E+02     8.90000000000000E+02
    1.20000000000000E+02     9.13000000000000E+02
    1.21000000000000E+02     8.42000000000000E+02
    1.22000000000000E+02     8.22000000000000E+02
    1.23000000000000E+02     9.78000000000000E+02
    1.24000000000000E+02     1.03900000000000E+03
    1.25000000000000E+02     9.88000000000000E+02
    1.26000000000000E+02     9.66000000000000E+02
    1.27000000000000E+02     1.10700000000000E+03
    1.28000000000000E+02     8.94000000000000E+02
    1.29000000000000E+02     1.18200000000000E+03
    1.30000000000000E+02     1.14300000000000E+03
    1.31000000000000E+02     1.19900000000000E+03
    1.32000000000000E+02     1.24400000000000E+03
    1.33000000000000E+02     1.32800000000000E+03
    1.34000000000000E+02     1.39300000000000E+03
    1.35000000000000E+02     1.20400000000000E+03
    1.36000000000000E+02     1.21500000000000E+03
    1.37000000000000E+02     1.32900000000000E+03
    1.38000000000000E+02     1.27100000000000E+03
    1.39000000000000E+02     1.13900000000000E+03
    1.40000000000000E+02     1.13800000000000E+03
    1.41000000000000E+02     1.23400000000000E+03
    1.42000000000000E+02     1.20200000000000E+03
    1.43000000000000E+02     1.50900000000000E+03
    1.44000000000000E+02     1.47700000000000E+03
    1.45000000000000E+02     1.36900000000000E+03
    1.46000000000000E+02     1.47000000000000E+03
    1.47000000000000E+02     1.52000000000000E+03
    1.48000000000000E+02     1.36600000000000E+03
    1.49000000000000E+02     1.35100000000000E+03
    1.50000000000000E+02     1.29200000000000E+03
    1.51000000000000E+02     1.43300000000000E+03
    1.52000000000000E+02     1.48500000000000E+03
    1.53000000000000E+02     1.32100000000000E+03
    1.54000000000000E+02     1.36600000000000E+03
    1.55000000000000E+02     1.06000000000000E+03
    1.56000000000000E+02     9.93000000000000E+02
    1.57000000000000E+02     1.05900000000000E+03
    1.58000000000000E+02     1.06000000000000E+03
    1.59000000000000E+02     1.06900000000000E+03
    1.60000000000000E+02     1.15100000000000E+03
    1.61000000000000E+02     1.28900000000000E+03
    1.62000000000000E+02     1.20200000000000E+03
    1.63000000000000E+02     1.16900000000000E+03
    1.64000000000000E+02     1.02600000000000E+03
    1.65000000000000E+02     9.05000000000000E+02
    1.66000000000000E+02     8.06000000000000E+02
    1.67000000000000E+02     9.80000000000000E+01
    1.68000000000000E+02     4.26000000000000E+02
    1.69000000000000E+02     4.68000000000000E+02
    1.70000000000000E+02     5.64000000000000E+02
    1.71000000000000E+02     6.46000000000000E+02
    1.72000000000000E+02     7.11000000000000E+02
    1.73000000000000E+02     7.76000000000000E+02
    1.74000000000000E+02     8.96000000000000E+02
    1.75000000000000E+02     8.63000000000000E+02
    1.76000000000000E+02     9.47000000000000E+02
    1.77000000000000E+02     9.24000000000000E+02
    1.78000000000000E+02     8.05000000000000E+02
    1.79000000000000E+02     9.63000000000000E+02
    1.80000000000000E+02     8.10000000000000E+02
    1.81000000000000E+02     8.49000000000000E+02
    1.82000000000000E+02     9.35000000000000E+02
    1.83000000000000E+02     8.62000000000000E+02
    1.84000000000000E+02     9.89000000000000E+02
    1.85000000000000E+02     9.61000000000000E+02
    1.86000000000000E+02     1.02500000000000E+03
    1.87000000000000E+02     9.54000000000000E+02
    1.88000000000000E+02     1.01800000000000E+03
    1.89000000000000E+02     7.92000000000000E+02
    1.90000000000000E+02     5.80000000000000E+02
    1.91000000000000E+02     6.47000000000000E+02
    1.92000000000000E+02     7.61000000000000E+02
    1.93000000000000E+02     8.51000000000000E+02
    1.94000000000000E+02     9.23000000000000E+02
    1.95000000000000E+02     1.04200000000000E+03
    1.96000000000000E+02     1.08200000000000E+03
    1.97000000000000E+02     1.26200000000000E+03
    1.98000000000000E+02     1.34300000000000E+03
    1.99000000000000E+02     1.25100000000000E+03
    2.00000000000000E+02     1.41200000000000E+03
    2.01000000000000E+02     1.47000000000000E+03
    2.02000000000000E+02     1.72300000000000E+03
    2.03000000000000E+02     1.90300000000000E+03
    2.04000000000000E+02     2.19400000000000E+03
    2.05000000000000E+02     2.47100000000000E+03
    2.06000000000000E+02     2.52200000000000E+03
    2.07000000000000E+02     2.68300000000000E+03
    2.08000000000000E+02     2.91200000000000E+03
    2.09000000000000E+02     3.34000000000000E+03
    2.10000000000000E+02     3.70100000000000E+03
    2.11000000000000E+02     4.19100000000000E+03
    2.12000000000000E+02     4.73800000000000E+03
