    1.00000000000000E+00     1.11400000000000E+03
    2.00000000000000E+00     1.25400000000000E+03
    3.00000000000000E+00     1.31600000000000E+03
    4.00000000000000E+00     1.22200000000000E+03
    5.00000000000000E+00     1.27500000000000E+03
    6.00000000000000E+00     1.23200000000000E+03
    7.00000000000000E+00     1.29000000000000E+03
    8.00000000000000E+00     1.21200000000000E+03
    9.00000000000000E+00     1.27600000000000E+03
    1.00000000000000E+01     1.21800000000000E+03
    1.10000000000000E+01     1.12300000000000E+03
    1.20000000000000E+01     1.09200000000000E+03
    1.30000000000000E+01     1.08200000000000E+03
    1.40000000000000E+01     9.67000000000000E+02
    1.50000000000000E+01     9.50000000000000E+02
    1.60000000000000E+01     1.01300000000000E+03
    1.70000000000000E+01     9.33000000000000E+02
    1.80000000000000E+01     1.05100000000000E+03
    1.90000000000000E+01     8.71000000000000E+02
    2.00000000000000E+01     5.85000000000000E+02
    2.10000000000000E+01     6.47000000000000E+02
    2.20000000000000E+01     7.32000000000000E+02
    2.30000000000000E+01     9.04000000000000E+02
    2.40000000000000E+01     8.11000000000000E+02
    2.50000000000000E+01     8.86000000000000E+02
    2.60000000000000E+01     9.40000000000000E+02
    2.70000000000000E+01     8.80000000000000E+02
    2.80000000000000E+01     9.22000000000000E+02
    2.90000000000000E+01     7.97000000000000E+02
    3.00000000000000E+01     8.07000000000000E+02
    3.10000000000000E+01     9.19000000000000E+02
    3.20000000000000E+01     8.95000000000000E+02
    3.30000000000000E+01     9.18000000000000E+02
    3.40000000000000E+01     7.24000000000000E+02
    3.50000000000000E+01     8.60000000000000E+02
    3.60000000000000E+01     9.22000000000000E+02
    3.70000000000000E+01     7.94000000000000E+02
    3.80000000000000E+01     8.29000000000000E+02
    3.90000000000000E+01     8.33000000000000E+02
    4.00000000000000E+01     1.01900000000000E+03
    4.10000000000000E+01     9.15000000000000E+02
    4.20000000000000E+01     8.32000000000000E+02
    4.30000000000000E+01     1.01400000000000E+03
    4.40000000000000E+01     8.63000000000000E+02
    4.50000000000000E+01     9.06000000000000E+02
    4.60000000000000E+01     9.26000000000000E+02
    4.70000000000000E+01     9.93000000000000E+02
    4.80000000000000E+01     1.01300000000000E+03
    4.90000000000000E+01     9.94000000000000E+02
    5.00000000000000E+01     1.04500000000000E+03
    5.10000000000000E+01     1.20800000000000E+03
    5.20000000000000E+01     1.16900000000000E+03
    5.30000000000000E+01     1.13600000000000E+03
    5.40000000000000E+01     1.14000000000000E+03
    5.50000000000000E+01     1.02700000000000E+03
    5.60000000000000E+01     9.88000000000000E+02
    5.70000000000000E+01     1.07200000000000E+03
    5.80000000000000E+01     1.33100000000000E+03
    5.90000000000000E+01     1.17800000000000E+03
    6.00000000000000E+01     1.07600000000000E+03
    6.10000000000000E+01     1.01600000000000E+03
    6.20000000000000E+01     1.10200000000000E+03
    6.30000000000000E+01     9.46000000000000E+02
    6.40000000000000E+01     8.23000000000000E+02
    6.50000000000000E+01     4.72000000000000E+02
    6.60000000000000E+01     5.68000000000000E+02
    6.70000000000000E+01     6.35000000000000E+02
    6.80000000000000E+01     6.82000000000000E+02
    6.90000000000000E+01     7.40000000000000E+02
    7.00000000000000E+01     8.78000000000000E+02
    7.10000000000000E+01     9.98000000000000E+02
    7.20000000000000E+01     8.74000000000000E+02
    7.30000000000000E+01     1.01500000000000E+03
    7.40000000000000E+01     1.02900000000000E+03
    7.50000000000000E+01     1.15200000000000E+03
    7.60000000000000E+01     1.20000000000000E+03
    7.70000000000000E+01     1.11200000000000E+03
    7.80000000000000E+01     1.30600000000000E+03
    7.90000000000000E+01     1.51900000000000E+03
    8.00000000000000E+01     1.43200000000000E+03
    8.10000000000000E+01     1.38700000000000E+03
    8.20000000000000E+01     1.55000000000000E+03
    8.30000000000000E+01     1.50200000000000E+03
    8.40000000000000E+01     1.47700000000000E+03
    8.50000000000000E+01     1.46400000000000E+03
    8.60000000000000E+01     1.54800000000000E+03
    8.70000000000000E+01     1.70000000000000E+03
    8.80000000000000E+01     1.51600000000000E+03
    8.90000000000000E+01     1.52900000000000E+03
    9.00000000000000E+01     1.69600000000000E+03
    9.10000000000000E+01     1.76600000000000E+03
    9.20000000000000E+01     1.82700000000000E+03
    9.30000000000000E+01     1.83000000000000E+03
    9.40000000000000E+01     1.68200000000000E+03
    9.50000000000000E+01     1.70700000000000E+03
    9.60000000000000E+01     1.52500000000000E+03
    9.70000000000000E+01     1.85100000000000E+03
    9.80000000000000E+01     1.96600000000000E+03
    9.90000000000000E+01     2.15000000000000E+03
    1.00000000000000E+02     2.09000000000000E+03
    1.01000000000000E+02     2.18300000000000E+03
    1.02000000000000E+02     2.31700000000000E+03
    1.03000000000000E+02     2.39700000000000E+03
    1.04000000000000E+02     2.75100000000000E+03
    1.05000000000000E+02     2.87900000000000E+03
    1.06000000000000E+02     2.88500000000000E+03
    1.07000000000000E+02     3.09400000000000E+03
    1.08000000000000E+02     3.18500000000000E+03
    1.09000000000000E+02     3.49500000000000E+03
    1.10000000000000E+02     3.73500000000000E+03
    1.11000000000000E+02     4.08200000000000E+03
    1.12000000000000E+02     4.62500000000000E+03
