    1.00000000000000E+00     9.46000000000000E+02
    2.00000000000000E+00     9.99000000000000E+02
    3.00000000000000E+00     9.31000000000000E+02
    4.00000000000000E+00     7.18000000000000E+02
    5.00000000000000E+00     6.74000000000000E+02
    6.00000000000000E+00     7.43000000000000E+02
    7.00000000000000E+00     9.14000000000000E+02
    8.00000000000000E+00     9.09000000000000E+02
    9.00000000000000E+00     8.30000000000000E+02
    1.00000000000000E+01     8.21000000000000E+02
    1.10000000000000E+01     9.90000000000000E+02
    1.20000000000000E+01     9.02000000000000E+02
    1.30000000000000E+01     9.05000000000000E+02
    1.40000000000000E+01     9.75000000000000E+02
    1.50000000000000E+01     1.05300000000000E+03
    1.60000000000000E+01     1.01900000000000E+03
    1.70000000000000E+01     1.05300000000000E+03
    1.80000000000000E+01     1.23400000000000E+03
    1.90000000000000E+01     1.31600000000000E+03
    2.00000000000000E+01     1.38800000000000E+03
    2.10000000000000E+01     1.29100000000000E+03
    2.20000000000000E+01     1.45500000000000E+03
    2.30000000000000E+01     1.45200000000000E+03
    2.40000000000000E+01     1.39100000000000E+03
    2.50000000000000E+01     1.55700000000000E+03
    2.60000000000000E+01     1.61900000000000E+03
    2.70000000000000E+01     1.92700000000000E+03
    2.80000000000000E+01     2.00800000000000E+03
    2.90000000000000E+01     2.07400000000000E+03
    3.00000000000000E+01     2.01900000000000E+03
    3.10000000000000E+01     2.14300000000000E+03
    3.20000000000000E+01     2.31400000000000E+03
    3.30000000000000E+01     2.48000000000000E+03
    3.40000000000000E+01     2.65000000000000E+03
    3.50000000000000E+01     2.94900000000000E+03
    3.60000000000000E+01     3.19100000000000E+03
    3.70000000000000E+01     3.31800000000000E+03
    3.80000000000000E+01     3.70300000000000E+03
    3.90000000000000E+01     4.18500000000000E+03
    4.00000000000000E+01     4.59500000000000E+03
