    1.00000000000000E+00     8.21000000000000E+02
    2.00000000000000E+00     9.00000000000000E+02
    3.00000000000000E+00     7.45000000000000E+02
    4.00000000000000E+00     7.87000000000000E+02
    5.00000000000000E+00     8.17000000000000E+02
    6.00000000000000E+00     9.51000000000000E+02
    7.00000000000000E+00     8.88000000000000E+02
    8.00000000000000E+00     8.50000000000000E+02
    9.00000000000000E+00     1.05500000000000E+03
    1.00000000000000E+01     1.08200000000000E+03
    1.10000000000000E+01     1.06900000000000E+03
    1.20000000000000E+01     1.01700000000000E+03
    1.30000000000000E+01     7.74000000000000E+02
    1.40000000000000E+01     6.06000000000000E+02
    1.50000000000000E+01     6.66000000000000E+02
    1.60000000000000E+01     7.66000000000000E+02
    1.70000000000000E+01     8.50000000000000E+02
    1.80000000000000E+01     1.04400000000000E+03
    1.90000000000000E+01     1.09400000000000E+03
    2.00000000000000E+01     8.80000000000000E+02
    2.10000000000000E+01     9.47000000000000E+02
    2.20000000000000E+01     8.46000000000000E+02
    2.30000000000000E+01     9.38000000000000E+02
    2.40000000000000E+01     8.44000000000000E+02
    2.50000000000000E+01     6.87000000000000E+02
    2.60000000000000E+01     7.59000000000000E+02
    2.70000000000000E+01     7.69000000000000E+02
    2.80000000000000E+01     8.92000000000000E+02
    2.90000000000000E+01     9.31000000000000E+02
    3.00000000000000E+01     8.18000000000000E+02
    3.10000000000000E+01     8.45000000000000E+02
    3.20000000000000E+01     8.44000000000000E+02
    3.30000000000000E+01     1.01800000000000E+03
    3.40000000000000E+01     8.94000000000000E+02
    3.50000000000000E+01     1.10200000000000E+03
    3.60000000000000E+01     9.92000000000000E+02
    3.70000000000000E+01     1.08600000000000E+03
    3.80000000000000E+01     1.20700000000000E+03
    3.90000000000000E+01     1.05800000000000E+03
    4.00000000000000E+01     1.07200000000000E+03
    4.10000000000000E+01     1.13600000000000E+03
    4.20000000000000E+01     1.06500000000000E+03
    4.30000000000000E+01     1.07500000000000E+03
    4.40000000000000E+01     1.01500000000000E+03
    4.50000000000000E+01     1.09800000000000E+03
    4.60000000000000E+01     1.06800000000000E+03
    4.70000000000000E+01     9.32000000000000E+02
    4.80000000000000E+01     7.66000000000000E+02
    4.90000000000000E+01     5.33000000000000E+02
    5.00000000000000E+01     6.83000000000000E+02
    5.10000000000000E+01     6.78000000000000E+02
    5.20000000000000E+01     8.02000000000000E+02
    5.30000000000000E+01     9.14000000000000E+02
    5.40000000000000E+01     7.99000000000000E+02
    5.50000000000000E+01     7.74000000000000E+02
    5.60000000000000E+01     7.99000000000000E+02
    5.70000000000000E+01     8.33000000000000E+02
    5.80000000000000E+01     8.63000000000000E+02
    5.90000000000000E+01     9.33000000000000E+02
    6.00000000000000E+01     8.62000000000000E+02
    6.10000000000000E+01     9.74000000000000E+02
    6.20000000000000E+01     9.49000000000000E+02
    6.30000000000000E+01     8.40000000000000E+02
    6.40000000000000E+01     1.00600000000000E+03
    6.50000000000000E+01     9.86000000000000E+02
    6.60000000000000E+01     8.82000000000000E+02
    6.70000000000000E+01     1.06800000000000E+03
    6.80000000000000E+01     8.97000000000000E+02
    6.90000000000000E+01     1.03400000000000E+03
    7.00000000000000E+01     1.10900000000000E+03
    7.10000000000000E+01     1.17300000000000E+03
    7.20000000000000E+01     1.11000000000000E+03
    7.30000000000000E+01     1.21400000000000E+03
    7.40000000000000E+01     1.27000000000000E+03
    7.50000000000000E+01     1.19100000000000E+03
    7.60000000000000E+01     1.15100000000000E+03
    7.70000000000000E+01     1.22000000000000E+03
    7.80000000000000E+01     1.24900000000000E+03
    7.90000000000000E+01     1.25500000000000E+03
    8.00000000000000E+01     1.08000000000000E+03
    8.10000000000000E+01     1.16900000000000E+03
    8.20000000000000E+01     1.26100000000000E+03
    8.30000000000000E+01     1.12800000000000E+03
    8.40000000000000E+01     1.10200000000000E+03
    8.50000000000000E+01     1.26400000000000E+03
    8.60000000000000E+01     1.27800000000000E+03
    8.70000000000000E+01     1.34400000000000E+03
    8.80000000000000E+01     1.57600000000000E+03
    8.90000000000000E+01     1.62700000000000E+03
    9.00000000000000E+01     1.63200000000000E+03
    9.10000000000000E+01     1.81300000000000E+03
    9.20000000000000E+01     1.86500000000000E+03
    9.30000000000000E+01     1.95300000000000E+03
    9.40000000000000E+01     1.90900000000000E+03
    9.50000000000000E+01     2.11400000000000E+03
    9.60000000000000E+01     2.35200000000000E+03
    9.70000000000000E+01     2.57600000000000E+03
    9.80000000000000E+01     2.78600000000000E+03
    9.90000000000000E+01     2.94700000000000E+03
    1.00000000000000E+02     3.23900000000000E+03
    1.01000000000000E+02     3.51200000000000E+03
    1.02000000000000E+02     3.75300000000000E+03
    1.03000000000000E+02     4.04500000000000E+03
    1.04000000000000E+02     4.34800000000000E+03
    1.05000000000000E+02     4.65100000000000E+03
