    1.00000000000000E+00     8.57000000000000E+02
    2.00000000000000E+00     9.69000000000000E+02
    3.00000000000000E+00     8.65000000000000E+02
    4.00000000000000E+00     7.97000000000000E+02
    5.00000000000000E+00     9.16000000000000E+02
    6.00000000000000E+00     9.25000000000000E+02
    7.00000000000000E+00     8.15000000000000E+02
    8.00000000000000E+00     6.95000000000000E+02
    9.00000000000000E+00     7.54000000000000E+02
    1.00000000000000E+01     8.86000000000000E+02
    1.10000000000000E+01     9.87000000000000E+02
    1.20000000000000E+01     9.37000000000000E+02
    1.30000000000000E+01     7.70000000000000E+02
    1.40000000000000E+01     6.15000000000000E+02
    1.50000000000000E+01     7.21000000000000E+02
    1.60000000000000E+01     6.90000000000000E+02
    1.70000000000000E+01     8.07000000000000E+02
    1.80000000000000E+01     8.58000000000000E+02
    1.90000000000000E+01     9.96000000000000E+02
    2.00000000000000E+01     9.46000000000000E+02
    2.10000000000000E+01     8.67000000000000E+02
    2.20000000000000E+01     1.02700000000000E+03
    2.30000000000000E+01     8.84000000000000E+02
    2.40000000000000E+01     1.03300000000000E+03
    2.50000000000000E+01     9.65000000000000E+02
    2.60000000000000E+01     6.51000000000000E+02
    2.70000000000000E+01     5.75000000000000E+02
    2.80000000000000E+01     7.30000000000000E+02
    2.90000000000000E+01     7.39000000000000E+02
    3.00000000000000E+01     7.83000000000000E+02
    3.10000000000000E+01     8.54000000000000E+02
    3.20000000000000E+01     8.58000000000000E+02
    3.30000000000000E+01     9.27000000000000E+02
    3.40000000000000E+01     9.98000000000000E+02
    3.50000000000000E+01     9.17000000000000E+02
    3.60000000000000E+01     9.19000000000000E+02
    3.70000000000000E+01     9.62000000000000E+02
    3.80000000000000E+01     8.42000000000000E+02
    3.90000000000000E+01     7.31000000000000E+02
    4.00000000000000E+01     7.86000000000000E+02
    4.10000000000000E+01     8.89000000000000E+02
    4.20000000000000E+01     9.63000000000000E+02
    4.30000000000000E+01     8.48000000000000E+02
    4.40000000000000E+01     8.84000000000000E+02
    4.50000000000000E+01     8.62000000000000E+02
    4.60000000000000E+01     9.05000000000000E+02
    4.70000000000000E+01     8.42000000000000E+02
    4.80000000000000E+01     9.97000000000000E+02
    4.90000000000000E+01     9.30000000000000E+02
    5.00000000000000E+01     6.76000000000000E+02
    5.10000000000000E+01     5.65000000000000E+02
    5.20000000000000E+01     6.16000000000000E+02
    5.30000000000000E+01     6.95000000000000E+02
    5.40000000000000E+01     6.99000000000000E+02
    5.50000000000000E+01     7.24000000000000E+02
    5.60000000000000E+01     7.92000000000000E+02
    5.70000000000000E+01     9.14000000000000E+02
    5.80000000000000E+01     1.02800000000000E+03
    5.90000000000000E+01     9.52000000000000E+02
    6.00000000000000E+01     9.96000000000000E+02
    6.10000000000000E+01     1.06100000000000E+03
    6.20000000000000E+01     9.27000000000000E+02
    6.30000000000000E+01     1.05300000000000E+03
    6.40000000000000E+01     9.47000000000000E+02
    6.50000000000000E+01     9.06000000000000E+02
    6.60000000000000E+01     9.19000000000000E+02
    6.70000000000000E+01     8.48000000000000E+02
    6.80000000000000E+01     6.95000000000000E+02
    6.90000000000000E+01     7.12000000000000E+02
    7.00000000000000E+01     8.64000000000000E+02
    7.10000000000000E+01     8.64000000000000E+02
    7.20000000000000E+01     9.16000000000000E+02
    7.30000000000000E+01     9.19000000000000E+02
    7.40000000000000E+01     9.64000000000000E+02
    7.50000000000000E+01     9.35000000000000E+02
    7.60000000000000E+01     9.71000000000000E+02
