    1.00000000000000E+00     9.62000000000000E+02
    2.00000000000000E+00     8.20000000000000E+02
    3.00000000000000E+00     8.75000000000000E+02
    4.00000000000000E+00     9.35000000000000E+02
    5.00000000000000E+00     8.17000000000000E+02
    6.00000000000000E+00     8.13000000000000E+02
    7.00000000000000E+00     8.96000000000000E+02
    8.00000000000000E+00     8.53000000000000E+02
    9.00000000000000E+00     9.66000000000000E+02
    1.00000000000000E+01     9.27000000000000E+02
    1.10000000000000E+01     1.01300000000000E+03
    1.20000000000000E+01     1.03400000000000E+03
    1.30000000000000E+01     1.00300000000000E+03
    1.40000000000000E+01     8.91000000000000E+02
    1.50000000000000E+01     7.47000000000000E+02
    1.60000000000000E+01     8.23000000000000E+02
    1.70000000000000E+01     8.65000000000000E+02
    1.80000000000000E+01     9.48000000000000E+02
    1.90000000000000E+01     8.00000000000000E+02
    2.00000000000000E+01     9.01000000000000E+02
    2.10000000000000E+01     8.44000000000000E+02
    2.20000000000000E+01     9.27000000000000E+02
    2.30000000000000E+01     9.93000000000000E+02
    2.40000000000000E+01     9.19000000000000E+02
    2.50000000000000E+01     9.60000000000000E+02
    2.60000000000000E+01     9.65000000000000E+02
    2.70000000000000E+01     9.44000000000000E+02
    2.80000000000000E+01     1.05300000000000E+03
    2.90000000000000E+01     1.08500000000000E+03
    3.00000000000000E+01     1.06600000000000E+03
    3.10000000000000E+01     1.14400000000000E+03
    3.20000000000000E+01     9.73000000000000E+02
    3.30000000000000E+01     1.15500000000000E+03
    3.40000000000000E+01     9.40000000000000E+02
    3.50000000000000E+01     8.22000000000000E+02
    3.60000000000000E+01     5.82000000000000E+02
    3.70000000000000E+01     6.96000000000000E+02
    3.80000000000000E+01     7.74000000000000E+02
    3.90000000000000E+01     8.01000000000000E+02
    4.00000000000000E+01     8.99000000000000E+02
    4.10000000000000E+01     8.24000000000000E+02
    4.20000000000000E+01     8.09000000000000E+02
    4.30000000000000E+01     8.52000000000000E+02
    4.40000000000000E+01     9.17000000000000E+02
    4.50000000000000E+01     7.04000000000000E+02
    4.60000000000000E+01     6.35000000000000E+02
    4.70000000000000E+01     6.65000000000000E+02
    4.80000000000000E+01     7.47000000000000E+02
    4.90000000000000E+01     8.44000000000000E+02
    5.00000000000000E+01     9.67000000000000E+02
    5.10000000000000E+01     9.27000000000000E+02
    5.20000000000000E+01     8.30000000000000E+02
    5.30000000000000E+01     8.77000000000000E+02
    5.40000000000000E+01     9.25000000000000E+02
    5.50000000000000E+01     8.75000000000000E+02
    5.60000000000000E+01     9.67000000000000E+02
    5.70000000000000E+01     9.51000000000000E+02
    5.80000000000000E+01     9.31000000000000E+02
    5.90000000000000E+01     1.07100000000000E+03
    6.00000000000000E+01     9.47000000000000E+02
    6.10000000000000E+01     8.83000000000000E+02
    6.20000000000000E+01     1.04500000000000E+03
    6.30000000000000E+01     9.09000000000000E+02
    6.40000000000000E+01     8.65000000000000E+02
    6.50000000000000E+01     9.30000000000000E+02
    6.60000000000000E+01     9.33000000000000E+02
    6.70000000000000E+01     7.54000000000000E+02
    6.80000000000000E+01     6.72000000000000E+02
    6.90000000000000E+01     7.31000000000000E+02
    7.00000000000000E+01     8.15000000000000E+02
    7.10000000000000E+01     8.11000000000000E+02
    7.20000000000000E+01     9.07000000000000E+02
    7.30000000000000E+01     7.10000000000000E+02
    7.40000000000000E+01     6.73000000000000E+02
    7.50000000000000E+01     7.15000000000000E+02
    7.60000000000000E+01     7.95000000000000E+02
    7.70000000000000E+01     7.28000000000000E+02
    7.80000000000000E+01     8.61000000000000E+02
    7.90000000000000E+01     8.58000000000000E+02
    8.00000000000000E+01     9.46000000000000E+02
    8.10000000000000E+01     7.78000000000000E+02
    8.20000000000000E+01     8.54000000000000E+02
    8.30000000000000E+01     8.42000000000000E+02
    8.40000000000000E+01     1.01600000000000E+03
    8.50000000000000E+01     8.96000000000000E+02
    8.60000000000000E+01     8.93000000000000E+02
    8.70000000000000E+01     9.13000000000000E+02
    8.80000000000000E+01     8.94000000000000E+02
    8.90000000000000E+01     8.11000000000000E+02
    9.00000000000000E+01     8.22000000000000E+02
    9.10000000000000E+01     9.39000000000000E+02
    9.20000000000000E+01     7.21000000000000E+02
    9.30000000000000E+01     6.88000000000000E+02
    9.40000000000000E+01     7.44000000000000E+02
    9.50000000000000E+01     8.10000000000000E+02
    9.60000000000000E+01     7.91000000000000E+02
    9.70000000000000E+01     8.57000000000000E+02
    9.80000000000000E+01     9.20000000000000E+02
    9.90000000000000E+01     9.35000000000000E+02
    1.00000000000000E+02     8.39000000000000E+02
    1.01000000000000E+02     9.09000000000000E+02
    1.02000000000000E+02     6.49000000000000E+02
    1.03000000000000E+02     5.66000000000000E+02
    1.04000000000000E+02     6.58000000000000E+02
    1.05000000000000E+02     6.68000000000000E+02
    1.06000000000000E+02     7.13000000000000E+02
    1.07000000000000E+02     7.96000000000000E+02
    1.08000000000000E+02     9.04000000000000E+02
    1.09000000000000E+02     9.34000000000000E+02
    1.10000000000000E+02     7.13000000000000E+02
    1.11000000000000E+02     6.33000000000000E+02
    1.12000000000000E+02     6.89000000000000E+02
    1.13000000000000E+02     7.85000000000000E+02
    1.14000000000000E+02     8.71000000000000E+02
    1.15000000000000E+02     8.46000000000000E+02
    1.16000000000000E+02     1.08700000000000E+03
    1.17000000000000E+02     1.09600000000000E+03
    1.18000000000000E+02     1.07800000000000E+03
    1.19000000000000E+02     1.13100000000000E+03
    1.20000000000000E+02     1.42500000000000E+03
    1.21000000000000E+02     1.62100000000000E+03
    1.22000000000000E+02     1.60400000000000E+03
    1.23000000000000E+02     1.82100000000000E+03
    1.24000000000000E+02     1.81700000000000E+03
    1.25000000000000E+02     1.97300000000000E+03
    1.26000000000000E+02     2.11800000000000E+03
    1.27000000000000E+02     2.25800000000000E+03
    1.28000000000000E+02     2.41900000000000E+03
    1.29000000000000E+02     2.68000000000000E+03
    1.30000000000000E+02     2.73400000000000E+03
    1.31000000000000E+02     2.92100000000000E+03
    1.32000000000000E+02     3.04300000000000E+03
    1.33000000000000E+02     3.17600000000000E+03
    1.34000000000000E+02     3.33400000000000E+03
    1.35000000000000E+02     3.73900000000000E+03
    1.36000000000000E+02     4.13300000000000E+03
    1.37000000000000E+02     4.56900000000000E+03
