 0, 0, 0, 0, 0, 0, 0, 0, 0, 0, 0, 0, 0, 0, 0, 0, 0, 0, 0, 0, 0, 0, 0, 0, 0, 0
 0, 0, 0, 0, 0, 0, 0, 0, 0, 0, 0, 0, 0, 0, 0, 0, 0, 0, 0, 0, 0, 0, 0, 0, 0, 0
 0, 0, 0, 0, 0, 0,-1,-1,-1,-1,-1,-1,-1,-1,-1,-1,-1,-1,-1,-1, 0, 0, 0, 0, 0,s2
 0, 0, 0, 0, 0, 0,-1,-1,-1,-1,-1,-1,-1,-1,-1,-1,-1,-1,-1,-1, 0, 0, 0, 0, 0, 0
 0, 0, 0, 0, 0, 0,-1,-1,-1,-1,-1,-1,-1,-1,-1,-1,-1,-1,-1,-1, 0, 0, 0, 0, 0, 0
 0, 0, 0, 0, 0, 0,-1,-1,-1,-1,-1,-1,-1,-1,-1,-1,-1,-1,-1,-1, 0, 0, 0, 0, 0, 0
 0, 0, 0, 0, 0, 0,-1,-1,-1,-1,-1,-1,-1,-1,-1,-1,-1,-1,-1,-1, 0, 0, 0, 0, 0, 0
 0, 0, 0, 0, 0, 0,-1,-1,-1,-1,-1,-1, 0, 0,-1,-1,-1,-1,-1,-1, 0, 0, 0, 0, 0, 0
 0, 0, 0, 0, 0, 0,-1,-1,-1,-1,-1,-1, 0, 0,-1,-1,-1,-1,s1,-1, 0, 0, 0, 0, 0, 0
 0, 0, 0, 0, 0, 0,-1,-1,-1,-1,-1,-1, 0, 0,-1,-1,-1,-1,-1,-1, 0, 0, 0, 0, 0, 0
 0, 0, 0, 0, 0, 0, 0, 0, 0,-1,-1,-1, 0, 0,-1,-1,-1, 0, 0, 0, 0, 0, 0, 0, 0, 0
 0, 0,-1,-1,-1,-1,-1,-1,-1,-1,-1,-1, 0, 0,-1,-1,-1,-1,-1,-1,-1,-1,-1,-1, 0, 0
 0, 0,-1,-1,-1,-1,-1,-1,-1,-1,-1,-1, 0, 0,-1,-1,-1,-1,-1,-1,-1,-1,-1,-1, 0, 0
 0, 0,-1,-1,-1,-1,-1,-1,-1,-1,-1,-1, 0, 0,-1,-1,-1,-1,-1,-1,-1,-1,-1,-1, 0, 0
 0, 0,-1,-1,-1,-1,-1,-1,-1,-1, 0, 0, 0, 0, 0, 0,-1,-1,-1,-1,-1,-1,-1,-1, 0, 0
-1,S1,-1,-1,-1,-1,-1,-1,-1,-1,-1,-1, 0, 0,-1,-1,-1,-1,-1,-1,-1,-1,-1,-1, 0, 0
E1,-1,-1,-1,-1,-1,-1,-1,-1,-1,-1,-1, 0, 0,-1,-1,-1,-1,-1,-1,-1,-1,-1,-1, 0,s3
-1,-1,-1,C1,-1,-1,-1,-1,-1,-1,-1,-1, 0, 0,-1,-1,-1,-1,-1,-1,-1,-1,s4,-1, 0, 0
 0, 0, 0, 0, 0, 0, 0, 0, 0, 0, 0, 0, 0, 0, 0, 0, 0, 0, 0, 0, 0, 0, 0, 0, 0, 0
 0, 0, 0, 0, 0, 0, 0, 0, 0, 0, 0, 0, 0, 0, 0, 0, 0, 0, 0, 0, 0, 0, 0, 0, 0, 0