 0, 0, 0, 0, 0, 0, 0, 0, 0,-1,-1,-1,S1,-1,-1,-1,-1, 0, 0, 0, 0, 0, 0, 0, 0, 0
 0, 0, 0, 0, 0, 0, 0, 0, 0,-1,-1,-1,-1,-1,-1,-1,-1, 0, 0, 0, 0, 0, 0, 0, 0, 0
 0, 0, 0, 0, 0, 0, 0, 0, 0,-1,-1,-1,-1,-1,-1,-1,-1,-1,-1,-1,-1,-1,-1,-1, 0, 0
 0, 0, 0, 0, 0, 0, 0, 0, 0,-1,-1,-1,-1,-1,-1,-1,-1,-1,-1,-1,-1,-1,-1,-1, 0, 0
 0, 0, 0, 0, 0, 0, 0, 0, 0,-1,-1,-1,-1,-1,-1,-1,-1,-1,-1,-1,-1,-1,-1,-1, 0, 0
 0, 0, 0, 0, 0, 0, 0, 0, 0,-1,-1,-1,-1,-1,-1,-1,-1,-1,-1,-1,-1,-1,-1,-1, 0, 0
 0, 0, 0, 0, 0, 0, 0, 0, 0,-1,-1,-1,-1,-1,-1,-1,-1,-1,-1,-1,-1,-1,-1,-1, 0, 0
 0, 0, 0, 0, 0, 0, 0, 0, 0,-1,-1,-1,-1,-1,-1,-1,-1,-1,-1,-1,-1,-1,-1,-1, 0, 0
 0, 0, 0, 0, 0, 0, 0, 0, 0, 0, 0, 0, 0, 0, 0, 0, 0, 0, 0, 0,-1,-1,-1,-1, 0, 0
 0, 0, 0, 0, 0, 0, 0, 0, 0,-1,-1,-1,-1,-1,-1,-1,-1, 0, 0, 0,-1,-1,-1,-1, 0, 0
 0, 0, 0, 0, 0, 0, 0, 0, 0,-1,s1,-1,-1,-1,-1,-1,-1, 0, 0, 0,-1,-1,-1,-1, 0, 0
 0, 0, 0, 0, 0, 0, 0, 0, 0,-1,-1,-1,-1,-1,-1,-1,-1, 0, 0, 0,-1,-1,-1,-1, 0, 0
 0, 0, 0, 0, 0, 0, 0, 0, 0,-1,-1,-1,-1,-1,-1,-1,-1, 0, 0, 0,-1,-1,-1,-1, 0, 0
 0, 0, 0, 0, 0, 0, 0, 0, 0,-1,-1,-1,-1,-1,-1,-1,-1, 0, 0, 0,-1,-1,-1,-1, 0, 0
 0, 0, 0, 0, 0, 0, 0, 0, 0,-1,-1,-1,-1,-1,-1,-1,-1, 0, 0, 0,-1,-1,-1,-1, 0, 0
 0, 0, 0, 0, 0, 0, 0, 0, 0,-1,-1,-1,-1,-1,-1,-1,-1, 0, 0, 0,-1,-1,-1,-1,S2,-1
 0, 0, 0, 0, 0, 0, 0, 0, 0,-1,-1,-1,-1,-1,-1,-1,-1, 0, 0, 0,-1,-1,-1,-1,-1,E1
 0, 0, 0, 0, 0, 0, 0, 0, 0,-1,-1,-1,-1,-1,-1,-1,-1, 0, 0, 0,-1,-1,-1,-1,-1,-1
 0, 0, 0, 0, 0, 0, 0, 0, 0, 0, 0, 0, 0, 0, 0, 0, 0, 0, 0, 0, 0, 0, 0, 0, 0, 0
 0, 0, 0, 0, 0, 0, 0, 0, 0, 0, 0, 0, 0, 0, 0, 0, 0, 0, 0, 0, 0, 0, 0, 0, 0, 0