    1.00000000000000E+00     3.36900000000000E+03
    2.00000000000000E+00     3.72700000000000E+03
    3.00000000000000E+00     4.13500000000000E+03
    4.00000000000000E+00     4.20800000000000E+03
    5.00000000000000E+00     4.13200000000000E+03
    6.00000000000000E+00     4.19300000000000E+03
    7.00000000000000E+00     4.06500000000000E+03
    8.00000000000000E+00     3.89300000000000E+03
    9.00000000000000E+00     4.06900000000000E+03
    1.00000000000000E+01     3.97900000000000E+03
    1.10000000000000E+01     3.93800000000000E+03
    1.20000000000000E+01     4.05600000000000E+03
    1.30000000000000E+01     4.00300000000000E+03
    1.40000000000000E+01     4.25100000000000E+03
    1.50000000000000E+01     4.14600000000000E+03
    1.60000000000000E+01     3.96400000000000E+03
    1.70000000000000E+01     4.06000000000000E+03
    1.80000000000000E+01     4.05500000000000E+03
    1.90000000000000E+01     3.96700000000000E+03
    2.00000000000000E+01     4.08800000000000E+03
    2.10000000000000E+01     4.06300000000000E+03
    2.20000000000000E+01     3.96200000000000E+03
    2.30000000000000E+01     4.18700000000000E+03
    2.40000000000000E+01     4.06900000000000E+03
    2.50000000000000E+01     4.13300000000000E+03
    2.60000000000000E+01     4.05900000000000E+03
    2.70000000000000E+01     3.92600000000000E+03
    2.80000000000000E+01     4.11200000000000E+03
    2.90000000000000E+01     4.19900000000000E+03
    3.00000000000000E+01     4.23900000000000E+03
    3.10000000000000E+01     4.09100000000000E+03
    3.20000000000000E+01     4.23100000000000E+03
    3.30000000000000E+01     4.24100000000000E+03
    3.40000000000000E+01     4.25700000000000E+03
    3.50000000000000E+01     4.07300000000000E+03
    3.60000000000000E+01     4.43200000000000E+03
    3.70000000000000E+01     4.20700000000000E+03
    3.80000000000000E+01     4.38200000000000E+03
    3.90000000000000E+01     4.59300000000000E+03
    4.00000000000000E+01     4.53100000000000E+03
    4.10000000000000E+01     4.42300000000000E+03
    4.20000000000000E+01     4.46500000000000E+03
    4.30000000000000E+01     4.30200000000000E+03
    4.40000000000000E+01     4.34100000000000E+03
    4.50000000000000E+01     4.63300000000000E+03
    4.60000000000000E+01     4.74700000000000E+03
    4.70000000000000E+01     4.41200000000000E+03
    4.80000000000000E+01     4.34100000000000E+03
    4.90000000000000E+01     4.50800000000000E+03
    5.00000000000000E+01     4.64400000000000E+03
    5.10000000000000E+01     4.78700000000000E+03
    5.20000000000000E+01     4.64700000000000E+03
    5.30000000000000E+01     4.46400000000000E+03
    5.40000000000000E+01     4.42100000000000E+03
    5.50000000000000E+01     4.26600000000000E+03
    5.60000000000000E+01     4.34500000000000E+03
    5.70000000000000E+01     4.11900000000000E+03
    5.80000000000000E+01     4.30700000000000E+03
    5.90000000000000E+01     4.46600000000000E+03
    6.00000000000000E+01     4.29900000000000E+03
    6.10000000000000E+01     4.36000000000000E+03
    6.20000000000000E+01     4.61200000000000E+03
    6.30000000000000E+01     4.82300000000000E+03
    6.40000000000000E+01     4.76400000000000E+03
    6.50000000000000E+01     4.87100000000000E+03
    6.60000000000000E+01     4.95300000000000E+03
    6.70000000000000E+01     4.90900000000000E+03
    6.80000000000000E+01     5.09000000000000E+03
    6.90000000000000E+01     5.20700000000000E+03
    7.00000000000000E+01     5.52700000000000E+03
    7.10000000000000E+01     5.54600000000000E+03
    7.20000000000000E+01     5.82700000000000E+03
    7.30000000000000E+01     5.70800000000000E+03
    7.40000000000000E+01     5.97000000000000E+03
    7.50000000000000E+01     5.82800000000000E+03
    7.60000000000000E+01     5.62900000000000E+03
    7.70000000000000E+01     5.82400000000000E+03
    7.80000000000000E+01     6.03800000000000E+03
    7.90000000000000E+01     5.83200000000000E+03
    8.00000000000000E+01     5.78900000000000E+03
    8.10000000000000E+01     5.93300000000000E+03
    8.20000000000000E+01     6.24700000000000E+03
    8.30000000000000E+01     6.39600000000000E+03
    8.40000000000000E+01     6.32400000000000E+03
    8.50000000000000E+01     6.36500000000000E+03
    8.60000000000000E+01     6.74400000000000E+03
    8.70000000000000E+01     6.53200000000000E+03
    8.80000000000000E+01     6.54200000000000E+03
    8.90000000000000E+01     6.73500000000000E+03
    9.00000000000000E+01     6.56700000000000E+03
    9.10000000000000E+01     6.53900000000000E+03
    9.20000000000000E+01     6.68000000000000E+03
    9.30000000000000E+01     6.85500000000000E+03
    9.40000000000000E+01     6.70000000000000E+03
    9.50000000000000E+01     6.82500000000000E+03
    9.60000000000000E+01     6.76100000000000E+03
    9.70000000000000E+01     6.92100000000000E+03
    9.80000000000000E+01     7.34800000000000E+03
    9.90000000000000E+01     7.06300000000000E+03
    1.00000000000000E+02     7.19500000000000E+03
    1.01000000000000E+02     7.17700000000000E+03
    1.02000000000000E+02     7.68600000000000E+03
    1.03000000000000E+02     7.93500000000000E+03
    1.04000000000000E+02     8.29700000000000E+03
    1.05000000000000E+02     8.22400000000000E+03
    1.06000000000000E+02     8.32400000000000E+03
    1.07000000000000E+02     8.57500000000000E+03
    1.08000000000000E+02     8.91900000000000E+03
    1.09000000000000E+02     9.58000000000000E+03
    1.10000000000000E+02     1.00360000000000E+04
    1.11000000000000E+02     1.02430000000000E+04
    1.12000000000000E+02     1.09330000000000E+04
    1.13000000000000E+02     1.12610000000000E+04
    1.14000000000000E+02     1.16310000000000E+04
    1.15000000000000E+02     1.26880000000000E+04
    1.16000000000000E+02     1.32550000000000E+04
    1.17000000000000E+02     1.41310000000000E+04
    1.18000000000000E+02     1.50520000000000E+04
    1.19000000000000E+02     1.61430000000000E+04
    1.20000000000000E+02     1.72400000000000E+04
    1.21000000000000E+02     1.86240000000000E+04
    1.22000000000000E+02     2.01490000000000E+04
