    1.00000000000000E+00     3.32800000000000E+03
    2.00000000000000E+00     3.53800000000000E+03
    3.00000000000000E+00     3.90200000000000E+03
    4.00000000000000E+00     3.67500000000000E+03
    5.00000000000000E+00     3.89100000000000E+03
    6.00000000000000E+00     3.96200000000000E+03
    7.00000000000000E+00     3.93900000000000E+03
    8.00000000000000E+00     3.95300000000000E+03
    9.00000000000000E+00     4.16200000000000E+03
    1.00000000000000E+01     4.28300000000000E+03
    1.10000000000000E+01     4.21800000000000E+03
    1.20000000000000E+01     4.37200000000000E+03
    1.30000000000000E+01     4.50900000000000E+03
    1.40000000000000E+01     4.64800000000000E+03
    1.50000000000000E+01     4.51300000000000E+03
    1.60000000000000E+01     4.63500000000000E+03
    1.70000000000000E+01     4.86500000000000E+03
    1.80000000000000E+01     5.05600000000000E+03
    1.90000000000000E+01     5.20200000000000E+03
    2.00000000000000E+01     5.04600000000000E+03
    2.10000000000000E+01     4.85000000000000E+03
    2.20000000000000E+01     4.78000000000000E+03
    2.30000000000000E+01     4.93500000000000E+03
    2.40000000000000E+01     4.80100000000000E+03
    2.50000000000000E+01     4.90400000000000E+03
    2.60000000000000E+01     4.87200000000000E+03
    2.70000000000000E+01     5.06700000000000E+03
    2.80000000000000E+01     5.23200000000000E+03
    2.90000000000000E+01     5.70600000000000E+03
    3.00000000000000E+01     5.60900000000000E+03
    3.10000000000000E+01     5.47800000000000E+03
    3.20000000000000E+01     5.83100000000000E+03
    3.30000000000000E+01     5.67200000000000E+03
    3.40000000000000E+01     5.99800000000000E+03
    3.50000000000000E+01     6.05000000000000E+03
    3.60000000000000E+01     6.10400000000000E+03
    3.70000000000000E+01     6.42600000000000E+03
    3.80000000000000E+01     6.31800000000000E+03
    3.90000000000000E+01     6.83200000000000E+03
    4.00000000000000E+01     7.03400000000000E+03
    4.10000000000000E+01     7.44500000000000E+03
    4.20000000000000E+01     7.48200000000000E+03
    4.30000000000000E+01     7.27700000000000E+03
    4.40000000000000E+01     7.67500000000000E+03
    4.50000000000000E+01     8.15900000000000E+03
    4.60000000000000E+01     8.68300000000000E+03
    4.70000000000000E+01     9.26900000000000E+03
    4.80000000000000E+01     9.63200000000000E+03
    4.90000000000000E+01     9.81800000000000E+03
    5.00000000000000E+01     1.04350000000000E+04
    5.10000000000000E+01     1.14460000000000E+04
    5.20000000000000E+01     1.20910000000000E+04
    5.30000000000000E+01     1.27810000000000E+04
    5.40000000000000E+01     1.33590000000000E+04
    5.50000000000000E+01     1.46490000000000E+04
    5.60000000000000E+01     1.59730000000000E+04
    5.70000000000000E+01     1.74340000000000E+04
    5.80000000000000E+01     1.86470000000000E+04
    5.90000000000000E+01     1.97040000000000E+04
