    1.00000000000000E+00     3.41800000000000E+03
    2.00000000000000E+00     3.71200000000000E+03
    3.00000000000000E+00     3.88900000000000E+03
    4.00000000000000E+00     3.92300000000000E+03
    5.00000000000000E+00     3.75600000000000E+03
    6.00000000000000E+00     3.67700000000000E+03
    7.00000000000000E+00     3.85300000000000E+03
    8.00000000000000E+00     4.11900000000000E+03
    9.00000000000000E+00     4.00100000000000E+03
    1.00000000000000E+01     4.20500000000000E+03
    1.10000000000000E+01     3.93900000000000E+03
    1.20000000000000E+01     3.92900000000000E+03
    1.30000000000000E+01     3.76100000000000E+03
    1.40000000000000E+01     3.87200000000000E+03
    1.50000000000000E+01     3.88100000000000E+03
    1.60000000000000E+01     3.94200000000000E+03
    1.70000000000000E+01     3.84700000000000E+03
    1.80000000000000E+01     3.94700000000000E+03
    1.90000000000000E+01     4.01400000000000E+03
    2.00000000000000E+01     4.26900000000000E+03
    2.10000000000000E+01     3.97300000000000E+03
    2.20000000000000E+01     3.95500000000000E+03
    2.30000000000000E+01     3.85400000000000E+03
    2.40000000000000E+01     3.93600000000000E+03
    2.50000000000000E+01     3.85000000000000E+03
    2.60000000000000E+01     4.04400000000000E+03
    2.70000000000000E+01     3.81800000000000E+03
    2.80000000000000E+01     4.08300000000000E+03
    2.90000000000000E+01     3.93000000000000E+03
    3.00000000000000E+01     3.89600000000000E+03
    3.10000000000000E+01     3.99300000000000E+03
    3.20000000000000E+01     3.79100000000000E+03
    3.30000000000000E+01     3.95900000000000E+03
    3.40000000000000E+01     3.74500000000000E+03
    3.50000000000000E+01     3.73300000000000E+03
    3.60000000000000E+01     4.07500000000000E+03
    3.70000000000000E+01     3.86600000000000E+03
    3.80000000000000E+01     4.19600000000000E+03
    3.90000000000000E+01     4.27700000000000E+03
    4.00000000000000E+01     4.14700000000000E+03
    4.10000000000000E+01     4.15800000000000E+03
    4.20000000000000E+01     4.11800000000000E+03
    4.30000000000000E+01     4.06300000000000E+03
    4.40000000000000E+01     3.98900000000000E+03
    4.50000000000000E+01     4.13300000000000E+03
    4.60000000000000E+01     4.43600000000000E+03
    4.70000000000000E+01     4.56300000000000E+03
    4.80000000000000E+01     4.26900000000000E+03
    4.90000000000000E+01     4.25900000000000E+03
    5.00000000000000E+01     4.22800000000000E+03
    5.10000000000000E+01     4.37200000000000E+03
    5.20000000000000E+01     4.42300000000000E+03
    5.30000000000000E+01     4.29200000000000E+03
    5.40000000000000E+01     4.09100000000000E+03
    5.50000000000000E+01     4.25300000000000E+03
    5.60000000000000E+01     4.31800000000000E+03
    5.70000000000000E+01     3.97500000000000E+03
    5.80000000000000E+01     3.81600000000000E+03
    5.90000000000000E+01     3.25000000000000E+03
    6.00000000000000E+01     3.43300000000000E+03
    6.10000000000000E+01     3.65900000000000E+03
    6.20000000000000E+01     3.97800000000000E+03
    6.30000000000000E+01     3.83500000000000E+03
    6.40000000000000E+01     3.88100000000000E+03
    6.50000000000000E+01     3.95700000000000E+03
    6.60000000000000E+01     3.87200000000000E+03
    6.70000000000000E+01     4.00600000000000E+03
    6.80000000000000E+01     3.90100000000000E+03
    6.90000000000000E+01     3.53800000000000E+03
    7.00000000000000E+01     3.46800000000000E+03
    7.10000000000000E+01     3.60800000000000E+03
    7.20000000000000E+01     3.83200000000000E+03
    7.30000000000000E+01     3.96900000000000E+03
    7.40000000000000E+01     3.76900000000000E+03
    7.50000000000000E+01     4.06500000000000E+03
    7.60000000000000E+01     3.83300000000000E+03
    7.70000000000000E+01     4.03700000000000E+03
    7.80000000000000E+01     3.92200000000000E+03
    7.90000000000000E+01     4.04600000000000E+03
    8.00000000000000E+01     4.15200000000000E+03
    8.10000000000000E+01     4.00400000000000E+03
    8.20000000000000E+01     4.05700000000000E+03
    8.30000000000000E+01     4.13900000000000E+03
    8.40000000000000E+01     4.18700000000000E+03
    8.50000000000000E+01     4.16000000000000E+03
    8.60000000000000E+01     3.88400000000000E+03
    8.70000000000000E+01     3.83700000000000E+03
    8.80000000000000E+01     3.87300000000000E+03
    8.90000000000000E+01     4.07400000000000E+03
    9.00000000000000E+01     4.12100000000000E+03
    9.10000000000000E+01     4.08800000000000E+03
    9.20000000000000E+01     4.13300000000000E+03
    9.30000000000000E+01     4.03100000000000E+03
    9.40000000000000E+01     4.03300000000000E+03
    9.50000000000000E+01     4.11200000000000E+03
    9.60000000000000E+01     3.90000000000000E+03
    9.70000000000000E+01     3.79000000000000E+03
    9.80000000000000E+01     3.47300000000000E+03
    9.90000000000000E+01     3.66300000000000E+03
    1.00000000000000E+02     3.66400000000000E+03
    1.01000000000000E+02     3.78300000000000E+03
    1.02000000000000E+02     4.00000000000000E+03
    1.03000000000000E+02     4.02700000000000E+03
    1.04000000000000E+02     4.04200000000000E+03
    1.05000000000000E+02     3.93400000000000E+03
    1.06000000000000E+02     4.05300000000000E+03
    1.07000000000000E+02     4.28100000000000E+03
    1.08000000000000E+02     4.00500000000000E+03
    1.09000000000000E+02     4.00200000000000E+03
    1.10000000000000E+02     4.09500000000000E+03
    1.11000000000000E+02     4.14200000000000E+03
    1.12000000000000E+02     4.01700000000000E+03
    1.13000000000000E+02     4.15400000000000E+03
    1.14000000000000E+02     4.06700000000000E+03
    1.15000000000000E+02     4.10900000000000E+03
    1.16000000000000E+02     4.13700000000000E+03
    1.17000000000000E+02     4.19000000000000E+03
    1.18000000000000E+02     4.35300000000000E+03
    1.19000000000000E+02     4.06500000000000E+03
    1.20000000000000E+02     3.97100000000000E+03
    1.21000000000000E+02     4.12300000000000E+03
    1.22000000000000E+02     4.18600000000000E+03
    1.23000000000000E+02     4.00500000000000E+03
    1.24000000000000E+02     4.12000000000000E+03
    1.25000000000000E+02     4.32300000000000E+03
    1.26000000000000E+02     4.17100000000000E+03
    1.27000000000000E+02     4.12400000000000E+03
    1.28000000000000E+02     4.20900000000000E+03
    1.29000000000000E+02     3.93200000000000E+03
    1.30000000000000E+02     3.98800000000000E+03
    1.31000000000000E+02     3.89200000000000E+03
    1.32000000000000E+02     3.74900000000000E+03
    1.33000000000000E+02     3.73700000000000E+03
    1.34000000000000E+02     3.89200000000000E+03
    1.35000000000000E+02     3.54400000000000E+03
    1.36000000000000E+02     3.61400000000000E+03
    1.37000000000000E+02     3.85200000000000E+03
    1.38000000000000E+02     4.11000000000000E+03
    1.39000000000000E+02     4.22900000000000E+03
    1.40000000000000E+02     4.26800000000000E+03
    1.41000000000000E+02     4.11400000000000E+03
    1.42000000000000E+02     3.96000000000000E+03
    1.43000000000000E+02     3.98100000000000E+03
    1.44000000000000E+02     4.09100000000000E+03
    1.45000000000000E+02     4.04300000000000E+03
    1.46000000000000E+02     4.12700000000000E+03
    1.47000000000000E+02     3.83200000000000E+03
    1.48000000000000E+02     3.85200000000000E+03
    1.49000000000000E+02     4.08600000000000E+03
    1.50000000000000E+02     3.86700000000000E+03
    1.51000000000000E+02     3.93700000000000E+03
    1.52000000000000E+02     4.14000000000000E+03
    1.53000000000000E+02     4.00800000000000E+03
    1.54000000000000E+02     4.02800000000000E+03
    1.55000000000000E+02     4.22400000000000E+03
    1.56000000000000E+02     4.07500000000000E+03
    1.57000000000000E+02     4.09700000000000E+03
    1.58000000000000E+02     4.41700000000000E+03
    1.59000000000000E+02     4.11600000000000E+03
    1.60000000000000E+02     4.29000000000000E+03
    1.61000000000000E+02     4.25500000000000E+03
    1.62000000000000E+02     4.41700000000000E+03
    1.63000000000000E+02     4.24900000000000E+03
    1.64000000000000E+02     4.04700000000000E+03
    1.65000000000000E+02     3.88500000000000E+03
    1.66000000000000E+02     3.81100000000000E+03
    1.67000000000000E+02     3.93800000000000E+03
    1.68000000000000E+02     3.91100000000000E+03
    1.69000000000000E+02     4.01000000000000E+03
    1.70000000000000E+02     3.97500000000000E+03
    1.71000000000000E+02     3.73100000000000E+03
    1.72000000000000E+02     3.62800000000000E+03
    1.73000000000000E+02     3.68500000000000E+03
    1.74000000000000E+02     3.78300000000000E+03
    1.75000000000000E+02     4.15700000000000E+03
    1.76000000000000E+02     3.98900000000000E+03
    1.77000000000000E+02     3.96200000000000E+03
    1.78000000000000E+02     3.84900000000000E+03
    1.79000000000000E+02     3.84200000000000E+03
    1.80000000000000E+02     4.04800000000000E+03
    1.81000000000000E+02     3.90000000000000E+03
    1.82000000000000E+02     3.59200000000000E+03
    1.83000000000000E+02     3.72100000000000E+03
    1.84000000000000E+02     3.94300000000000E+03
    1.85000000000000E+02     3.62000000000000E+03
    1.86000000000000E+02     3.82700000000000E+03
    1.87000000000000E+02     3.96600000000000E+03
    1.88000000000000E+02     3.81900000000000E+03
    1.89000000000000E+02     4.03700000000000E+03
    1.90000000000000E+02     4.12500000000000E+03
    1.91000000000000E+02     4.12000000000000E+03
    1.92000000000000E+02     4.02800000000000E+03
    1.93000000000000E+02     4.04300000000000E+03
    1.94000000000000E+02     4.38200000000000E+03
    1.95000000000000E+02     4.21700000000000E+03
    1.96000000000000E+02     4.32500000000000E+03
    1.97000000000000E+02     4.27600000000000E+03
    1.98000000000000E+02     4.34600000000000E+03
    1.99000000000000E+02     4.15200000000000E+03
    2.00000000000000E+02     4.11900000000000E+03
    2.01000000000000E+02     4.18500000000000E+03
    2.02000000000000E+02     4.11300000000000E+03
    2.03000000000000E+02     4.18100000000000E+03
    2.04000000000000E+02     4.01800000000000E+03
    2.05000000000000E+02     4.07300000000000E+03
    2.06000000000000E+02     3.94600000000000E+03
    2.07000000000000E+02     3.66000000000000E+03
    2.08000000000000E+02     3.09100000000000E+03
    2.09000000000000E+02     3.51900000000000E+03
    2.10000000000000E+02     3.57000000000000E+03
    2.11000000000000E+02     3.67400000000000E+03
    2.12000000000000E+02     3.89800000000000E+03
    2.13000000000000E+02     3.91600000000000E+03
    2.14000000000000E+02     3.84100000000000E+03
    2.15000000000000E+02     4.09100000000000E+03
    2.16000000000000E+02     4.05500000000000E+03
    2.17000000000000E+02     4.20900000000000E+03
    2.18000000000000E+02     4.39800000000000E+03
    2.19000000000000E+02     4.31100000000000E+03
    2.20000000000000E+02     4.48200000000000E+03
    2.21000000000000E+02     4.43000000000000E+03
    2.22000000000000E+02     4.27700000000000E+03
    2.23000000000000E+02     4.16000000000000E+03
    2.24000000000000E+02     3.94400000000000E+03
    2.25000000000000E+02     3.64900000000000E+03
    2.26000000000000E+02     3.27900000000000E+03
    2.27000000000000E+02     3.60400000000000E+03
    2.28000000000000E+02     3.64500000000000E+03
    2.29000000000000E+02     3.80000000000000E+03
    2.30000000000000E+02     3.97300000000000E+03
    2.31000000000000E+02     3.86800000000000E+03
    2.32000000000000E+02     4.18100000000000E+03
    2.33000000000000E+02     4.02500000000000E+03
    2.34000000000000E+02     4.19300000000000E+03
    2.35000000000000E+02     4.19300000000000E+03
    2.36000000000000E+02     4.48500000000000E+03
    2.37000000000000E+02     4.27500000000000E+03
    2.38000000000000E+02     4.49900000000000E+03
    2.39000000000000E+02     4.43800000000000E+03
    2.40000000000000E+02     4.54200000000000E+03
    2.41000000000000E+02     4.44700000000000E+03
    2.42000000000000E+02     4.49500000000000E+03
    2.43000000000000E+02     4.18400000000000E+03
    2.44000000000000E+02     4.01700000000000E+03
    2.45000000000000E+02     3.91700000000000E+03
    2.46000000000000E+02     3.92300000000000E+03
    2.47000000000000E+02     3.74300000000000E+03
    2.48000000000000E+02     3.80000000000000E+03
    2.49000000000000E+02     4.05600000000000E+03
    2.50000000000000E+02     3.88500000000000E+03
    2.51000000000000E+02     3.90500000000000E+03
    2.52000000000000E+02     3.84900000000000E+03
    2.53000000000000E+02     3.92600000000000E+03
    2.54000000000000E+02     3.71100000000000E+03
    2.55000000000000E+02     3.79700000000000E+03
    2.56000000000000E+02     3.85700000000000E+03
    2.57000000000000E+02     3.88400000000000E+03
    2.58000000000000E+02     4.15500000000000E+03
    2.59000000000000E+02     4.18700000000000E+03
    2.60000000000000E+02     4.14100000000000E+03
    2.61000000000000E+02     4.05600000000000E+03
    2.62000000000000E+02     3.86700000000000E+03
    2.63000000000000E+02     3.86000000000000E+03
    2.64000000000000E+02     3.99600000000000E+03
    2.65000000000000E+02     3.43000000000000E+03
    2.66000000000000E+02     3.20100000000000E+03
    2.67000000000000E+02     3.35800000000000E+03
    2.68000000000000E+02     3.56100000000000E+03
    2.69000000000000E+02     3.81700000000000E+03
    2.70000000000000E+02     4.24600000000000E+03
    2.71000000000000E+02     4.14200000000000E+03
    2.72000000000000E+02     4.36500000000000E+03
    2.73000000000000E+02     4.26500000000000E+03
    2.74000000000000E+02     4.17400000000000E+03
    2.75000000000000E+02     4.01500000000000E+03
    2.76000000000000E+02     3.93400000000000E+03
    2.77000000000000E+02     3.96000000000000E+03
    2.78000000000000E+02     4.08500000000000E+03
    2.79000000000000E+02     3.95800000000000E+03
    2.80000000000000E+02     3.99300000000000E+03
    2.81000000000000E+02     3.88400000000000E+03
    2.82000000000000E+02     3.74300000000000E+03
    2.83000000000000E+02     3.72000000000000E+03
    2.84000000000000E+02     3.92000000000000E+03
    2.85000000000000E+02     3.83000000000000E+03
    2.86000000000000E+02     3.99800000000000E+03
    2.87000000000000E+02     3.99900000000000E+03
    2.88000000000000E+02     3.69300000000000E+03
    2.89000000000000E+02     3.65900000000000E+03
    2.90000000000000E+02     3.58800000000000E+03
    2.91000000000000E+02     3.71000000000000E+03
    2.92000000000000E+02     3.99600000000000E+03
    2.93000000000000E+02     3.80200000000000E+03
    2.94000000000000E+02     3.91500000000000E+03
    2.95000000000000E+02     3.54300000000000E+03
    2.96000000000000E+02     3.57300000000000E+03
    2.97000000000000E+02     3.77600000000000E+03
    2.98000000000000E+02     3.99000000000000E+03
    2.99000000000000E+02     3.77400000000000E+03
    3.00000000000000E+02     3.74500000000000E+03
    3.01000000000000E+02     3.76900000000000E+03
    3.02000000000000E+02     3.95600000000000E+03
    3.03000000000000E+02     4.07400000000000E+03
    3.04000000000000E+02     3.93200000000000E+03
    3.05000000000000E+02     3.91700000000000E+03
    3.06000000000000E+02     3.83200000000000E+03
    3.07000000000000E+02     3.99900000000000E+03
    3.08000000000000E+02     3.85900000000000E+03
    3.09000000000000E+02     4.17900000000000E+03
    3.10000000000000E+02     4.19200000000000E+03
    3.11000000000000E+02     4.27200000000000E+03
    3.12000000000000E+02     4.16100000000000E+03
    3.13000000000000E+02     4.13200000000000E+03
    3.14000000000000E+02     4.04300000000000E+03
    3.15000000000000E+02     4.11200000000000E+03
    3.16000000000000E+02     3.99600000000000E+03
    3.17000000000000E+02     3.98800000000000E+03
    3.18000000000000E+02     4.07200000000000E+03
    3.19000000000000E+02     4.05400000000000E+03
    3.20000000000000E+02     4.08600000000000E+03
    3.21000000000000E+02     3.78200000000000E+03
    3.22000000000000E+02     3.51100000000000E+03
    3.23000000000000E+02     3.68000000000000E+03
    3.24000000000000E+02     3.76000000000000E+03
    3.25000000000000E+02     3.90400000000000E+03
    3.26000000000000E+02     3.60000000000000E+03
    3.27000000000000E+02     3.62500000000000E+03
    3.28000000000000E+02     3.78400000000000E+03
    3.29000000000000E+02     4.15000000000000E+03
    3.30000000000000E+02     4.09700000000000E+03
    3.31000000000000E+02     4.01400000000000E+03
    3.32000000000000E+02     4.16800000000000E+03
    3.33000000000000E+02     4.23200000000000E+03
    3.34000000000000E+02     4.27800000000000E+03
    3.35000000000000E+02     4.35000000000000E+03
    3.36000000000000E+02     4.42100000000000E+03
    3.37000000000000E+02     4.83800000000000E+03
    3.38000000000000E+02     4.94800000000000E+03
    3.39000000000000E+02     4.84400000000000E+03
    3.40000000000000E+02     4.92000000000000E+03
    3.41000000000000E+02     4.81700000000000E+03
    3.42000000000000E+02     4.86600000000000E+03
    3.43000000000000E+02     4.87100000000000E+03
    3.44000000000000E+02     4.83800000000000E+03
    3.45000000000000E+02     4.88800000000000E+03
    3.46000000000000E+02     4.90000000000000E+03
    3.47000000000000E+02     4.99400000000000E+03
    3.48000000000000E+02     5.08400000000000E+03
    3.49000000000000E+02     5.04000000000000E+03
    3.50000000000000E+02     4.85800000000000E+03
    3.51000000000000E+02     4.83000000000000E+03
    3.52000000000000E+02     5.03200000000000E+03
    3.53000000000000E+02     4.88700000000000E+03
    3.54000000000000E+02     4.89100000000000E+03
    3.55000000000000E+02     4.72000000000000E+03
    3.56000000000000E+02     4.48400000000000E+03
    3.57000000000000E+02     4.59900000000000E+03
    3.58000000000000E+02     4.69500000000000E+03
    3.59000000000000E+02     4.89600000000000E+03
    3.60000000000000E+02     4.75100000000000E+03
    3.61000000000000E+02     4.86600000000000E+03
    3.62000000000000E+02     4.74100000000000E+03
    3.63000000000000E+02     5.23800000000000E+03
    3.64000000000000E+02     4.99500000000000E+03
    3.65000000000000E+02     5.15400000000000E+03
    3.66000000000000E+02     5.00200000000000E+03
    3.67000000000000E+02     5.10400000000000E+03
    3.68000000000000E+02     4.97500000000000E+03
    3.69000000000000E+02     4.82700000000000E+03
    3.70000000000000E+02     4.47600000000000E+03
    3.71000000000000E+02     4.45000000000000E+03
    3.72000000000000E+02     4.19700000000000E+03
    3.73000000000000E+02     4.17100000000000E+03
    3.74000000000000E+02     4.05200000000000E+03
    3.75000000000000E+02     3.94200000000000E+03
    3.76000000000000E+02     3.86000000000000E+03
    3.77000000000000E+02     2.38100000000000E+03
    3.78000000000000E+02     2.69700000000000E+03
    3.79000000000000E+02     2.95400000000000E+03
    3.80000000000000E+02     3.23000000000000E+03
    3.81000000000000E+02     3.39700000000000E+03
    3.82000000000000E+02     3.73500000000000E+03
    3.83000000000000E+02     3.75000000000000E+03
    3.84000000000000E+02     4.13600000000000E+03
    3.85000000000000E+02     3.93900000000000E+03
    3.86000000000000E+02     3.96800000000000E+03
    3.87000000000000E+02     4.08700000000000E+03
    3.88000000000000E+02     4.08400000000000E+03
    3.89000000000000E+02     3.92600000000000E+03
    3.90000000000000E+02     4.13500000000000E+03
    3.91000000000000E+02     4.21200000000000E+03
    3.92000000000000E+02     4.11500000000000E+03
    3.93000000000000E+02     3.81700000000000E+03
    3.94000000000000E+02     3.84300000000000E+03
    3.95000000000000E+02     3.99300000000000E+03
    3.96000000000000E+02     3.82100000000000E+03
    3.97000000000000E+02     3.79600000000000E+03
    3.98000000000000E+02     3.96900000000000E+03
    3.99000000000000E+02     3.72500000000000E+03
    4.00000000000000E+02     3.94200000000000E+03
    4.01000000000000E+02     3.77500000000000E+03
    4.02000000000000E+02     3.96200000000000E+03
    4.03000000000000E+02     3.56800000000000E+03
    4.04000000000000E+02     3.56100000000000E+03
    4.05000000000000E+02     3.72100000000000E+03
    4.06000000000000E+02     3.79800000000000E+03
    4.07000000000000E+02     3.94600000000000E+03
    4.08000000000000E+02     3.65800000000000E+03
    4.09000000000000E+02     3.78500000000000E+03
    4.10000000000000E+02     3.73800000000000E+03
    4.11000000000000E+02     3.96200000000000E+03
    4.12000000000000E+02     3.72500000000000E+03
    4.13000000000000E+02     3.77200000000000E+03
    4.14000000000000E+02     3.64000000000000E+03
    4.15000000000000E+02     3.87700000000000E+03
    4.16000000000000E+02     3.83000000000000E+03
    4.17000000000000E+02     3.94300000000000E+03
    4.18000000000000E+02     3.88500000000000E+03
    4.19000000000000E+02     4.17800000000000E+03
    4.20000000000000E+02     4.20200000000000E+03
    4.21000000000000E+02     4.04000000000000E+03
    4.22000000000000E+02     3.95100000000000E+03
    4.23000000000000E+02     3.87500000000000E+03
    4.24000000000000E+02     3.79500000000000E+03
    4.25000000000000E+02     3.94500000000000E+03
    4.26000000000000E+02     3.64700000000000E+03
    4.27000000000000E+02     3.66000000000000E+03
    4.28000000000000E+02     3.62600000000000E+03
    4.29000000000000E+02     3.88500000000000E+03
    4.30000000000000E+02     3.89700000000000E+03
    4.31000000000000E+02     3.85000000000000E+03
    4.32000000000000E+02     4.00700000000000E+03
    4.33000000000000E+02     4.07500000000000E+03
    4.34000000000000E+02     3.90500000000000E+03
    4.35000000000000E+02     3.94200000000000E+03
    4.36000000000000E+02     3.63900000000000E+03
    4.37000000000000E+02     3.56800000000000E+03
    4.38000000000000E+02     3.82900000000000E+03
    4.39000000000000E+02     3.95100000000000E+03
    4.40000000000000E+02     3.69300000000000E+03
    4.41000000000000E+02     3.66900000000000E+03
    4.42000000000000E+02     4.15100000000000E+03
    4.43000000000000E+02     3.97400000000000E+03
    4.44000000000000E+02     4.01500000000000E+03
    4.45000000000000E+02     3.97700000000000E+03
    4.46000000000000E+02     3.73400000000000E+03
    4.47000000000000E+02     3.76500000000000E+03
    4.48000000000000E+02     3.98400000000000E+03
    4.49000000000000E+02     4.02700000000000E+03
    4.50000000000000E+02     3.65400000000000E+03
    4.51000000000000E+02     3.64900000000000E+03
    4.52000000000000E+02     3.63100000000000E+03
    4.53000000000000E+02     3.77000000000000E+03
    4.54000000000000E+02     4.00700000000000E+03
    4.55000000000000E+02     4.09000000000000E+03
    4.56000000000000E+02     3.97700000000000E+03
    4.57000000000000E+02     4.10000000000000E+03
    4.58000000000000E+02     4.00000000000000E+03
    4.59000000000000E+02     4.10600000000000E+03
    4.60000000000000E+02     4.15700000000000E+03
    4.61000000000000E+02     4.22600000000000E+03
    4.62000000000000E+02     4.31600000000000E+03
    4.63000000000000E+02     4.21200000000000E+03
    4.64000000000000E+02     4.37500000000000E+03
    4.65000000000000E+02     4.49200000000000E+03
    4.66000000000000E+02     4.68700000000000E+03
    4.67000000000000E+02     4.63900000000000E+03
    4.68000000000000E+02     4.64500000000000E+03
    4.69000000000000E+02     4.45100000000000E+03
    4.70000000000000E+02     4.43100000000000E+03
    4.71000000000000E+02     4.43200000000000E+03
    4.72000000000000E+02     4.16000000000000E+03
    4.73000000000000E+02     4.09000000000000E+03
    4.74000000000000E+02     4.01300000000000E+03
    4.75000000000000E+02     4.23900000000000E+03
    4.76000000000000E+02     4.55900000000000E+03
    4.77000000000000E+02     4.25400000000000E+03
    4.78000000000000E+02     4.37600000000000E+03
    4.79000000000000E+02     4.27700000000000E+03
    4.80000000000000E+02     4.44200000000000E+03
    4.81000000000000E+02     4.19300000000000E+03
    4.82000000000000E+02     4.24600000000000E+03
    4.83000000000000E+02     4.25700000000000E+03
    4.84000000000000E+02     4.20800000000000E+03
    4.85000000000000E+02     4.36200000000000E+03
    4.86000000000000E+02     4.13900000000000E+03
    4.87000000000000E+02     4.03700000000000E+03
    4.88000000000000E+02     3.94500000000000E+03
    4.89000000000000E+02     3.82100000000000E+03
    4.90000000000000E+02     3.04900000000000E+03
    4.91000000000000E+02     3.23600000000000E+03
    4.92000000000000E+02     3.25200000000000E+03
    4.93000000000000E+02     3.48600000000000E+03
    4.94000000000000E+02     3.68500000000000E+03
    4.95000000000000E+02     3.75200000000000E+03
    4.96000000000000E+02     3.95700000000000E+03
    4.97000000000000E+02     3.85800000000000E+03
    4.98000000000000E+02     3.98500000000000E+03
    4.99000000000000E+02     3.67800000000000E+03
    5.00000000000000E+02     3.71900000000000E+03
    5.01000000000000E+02     3.92600000000000E+03
    5.02000000000000E+02     3.93200000000000E+03
    5.03000000000000E+02     3.77500000000000E+03
    5.04000000000000E+02     3.90400000000000E+03
    5.05000000000000E+02     3.68200000000000E+03
    5.06000000000000E+02     3.97700000000000E+03
    5.07000000000000E+02     3.63500000000000E+03
    5.08000000000000E+02     3.74800000000000E+03
    5.09000000000000E+02     3.80700000000000E+03
    5.10000000000000E+02     3.97800000000000E+03
    5.11000000000000E+02     3.84800000000000E+03
    5.12000000000000E+02     4.03900000000000E+03
    5.13000000000000E+02     4.01500000000000E+03
    5.14000000000000E+02     3.97100000000000E+03
    5.15000000000000E+02     4.04800000000000E+03
    5.16000000000000E+02     4.08200000000000E+03
    5.17000000000000E+02     3.98800000000000E+03
    5.18000000000000E+02     4.08500000000000E+03
    5.19000000000000E+02     4.08000000000000E+03
    5.20000000000000E+02     4.29100000000000E+03
    5.21000000000000E+02     4.12400000000000E+03
    5.22000000000000E+02     4.03700000000000E+03
    5.23000000000000E+02     3.76600000000000E+03
    5.24000000000000E+02     3.47600000000000E+03
    5.25000000000000E+02     3.61800000000000E+03
    5.26000000000000E+02     3.89900000000000E+03
    5.27000000000000E+02     3.67100000000000E+03
    5.28000000000000E+02     3.62400000000000E+03
    5.29000000000000E+02     3.90900000000000E+03
    5.30000000000000E+02     3.70800000000000E+03
    5.31000000000000E+02     3.88300000000000E+03
    5.32000000000000E+02     3.95200000000000E+03
    5.33000000000000E+02     3.82100000000000E+03
    5.34000000000000E+02     4.18400000000000E+03
    5.35000000000000E+02     4.21700000000000E+03
    5.36000000000000E+02     3.93300000000000E+03
    5.37000000000000E+02     3.92700000000000E+03
    5.38000000000000E+02     3.62800000000000E+03
    5.39000000000000E+02     3.69000000000000E+03
    5.40000000000000E+02     3.79300000000000E+03
    5.41000000000000E+02     3.89200000000000E+03
    5.42000000000000E+02     3.83900000000000E+03
    5.43000000000000E+02     3.99700000000000E+03
    5.44000000000000E+02     4.01700000000000E+03
    5.45000000000000E+02     3.72600000000000E+03
    5.46000000000000E+02     3.80400000000000E+03
    5.47000000000000E+02     4.16200000000000E+03
    5.48000000000000E+02     4.11000000000000E+03
    5.49000000000000E+02     4.00500000000000E+03
    5.50000000000000E+02     3.95300000000000E+03
    5.51000000000000E+02     3.94400000000000E+03
    5.52000000000000E+02     3.74300000000000E+03
    5.53000000000000E+02     3.77600000000000E+03
    5.54000000000000E+02     4.02100000000000E+03
    5.55000000000000E+02     3.84600000000000E+03
    5.56000000000000E+02     3.94200000000000E+03
    5.57000000000000E+02     3.75100000000000E+03
    5.58000000000000E+02     3.97200000000000E+03
    5.59000000000000E+02     3.78600000000000E+03
    5.60000000000000E+02     3.68700000000000E+03
    5.61000000000000E+02     3.92800000000000E+03
    5.62000000000000E+02     3.82400000000000E+03
    5.63000000000000E+02     3.74400000000000E+03
    5.64000000000000E+02     3.92100000000000E+03
    5.65000000000000E+02     3.79500000000000E+03
    5.66000000000000E+02     4.06400000000000E+03
    5.67000000000000E+02     3.66300000000000E+03
    5.68000000000000E+02     3.74200000000000E+03
    5.69000000000000E+02     3.94100000000000E+03
    5.70000000000000E+02     3.91400000000000E+03
    5.71000000000000E+02     3.94100000000000E+03
    5.72000000000000E+02     3.99600000000000E+03
    5.73000000000000E+02     3.78300000000000E+03
    5.74000000000000E+02     3.58900000000000E+03
    5.75000000000000E+02     3.91100000000000E+03
    5.76000000000000E+02     3.85800000000000E+03
    5.77000000000000E+02     3.87300000000000E+03
    5.78000000000000E+02     3.93500000000000E+03
    5.79000000000000E+02     3.73700000000000E+03
    5.80000000000000E+02     4.09100000000000E+03
    5.81000000000000E+02     4.07800000000000E+03
    5.82000000000000E+02     3.96300000000000E+03
    5.83000000000000E+02     3.69000000000000E+03
    5.84000000000000E+02     3.71200000000000E+03
    5.85000000000000E+02     3.91400000000000E+03
    5.86000000000000E+02     4.02200000000000E+03
    5.87000000000000E+02     3.69000000000000E+03
    5.88000000000000E+02     3.79800000000000E+03
    5.89000000000000E+02     3.97900000000000E+03
    5.90000000000000E+02     3.55300000000000E+03
    5.91000000000000E+02     3.60700000000000E+03
    5.92000000000000E+02     3.84800000000000E+03
    5.93000000000000E+02     4.02100000000000E+03
    5.94000000000000E+02     3.97500000000000E+03
    5.95000000000000E+02     3.84400000000000E+03
    5.96000000000000E+02     3.95700000000000E+03
    5.97000000000000E+02     3.76200000000000E+03
    5.98000000000000E+02     3.77300000000000E+03
    5.99000000000000E+02     3.80500000000000E+03
    6.00000000000000E+02     3.84400000000000E+03
    6.01000000000000E+02     4.13100000000000E+03
    6.02000000000000E+02     4.19400000000000E+03
    6.03000000000000E+02     4.02100000000000E+03
    6.04000000000000E+02     4.17400000000000E+03
    6.05000000000000E+02     4.08300000000000E+03
    6.06000000000000E+02     3.94500000000000E+03
    6.07000000000000E+02     3.68200000000000E+03
    6.08000000000000E+02     3.66500000000000E+03
    6.09000000000000E+02     3.85900000000000E+03
    6.10000000000000E+02     3.78100000000000E+03
    6.11000000000000E+02     3.89500000000000E+03
    6.12000000000000E+02     3.83200000000000E+03
    6.13000000000000E+02     4.04000000000000E+03
    6.14000000000000E+02     3.83300000000000E+03
    6.15000000000000E+02     4.07400000000000E+03
    6.16000000000000E+02     4.24800000000000E+03
    6.17000000000000E+02     4.55000000000000E+03
    6.18000000000000E+02     4.70800000000000E+03
    6.19000000000000E+02     4.59200000000000E+03
    6.20000000000000E+02     4.39500000000000E+03
    6.21000000000000E+02     4.15000000000000E+03
    6.22000000000000E+02     4.35400000000000E+03
    6.23000000000000E+02     4.49200000000000E+03
    6.24000000000000E+02     4.66100000000000E+03
    6.25000000000000E+02     4.71800000000000E+03
    6.26000000000000E+02     4.69500000000000E+03
    6.27000000000000E+02     4.99500000000000E+03
    6.28000000000000E+02     5.18100000000000E+03
    6.29000000000000E+02     5.07700000000000E+03
    6.30000000000000E+02     5.31100000000000E+03
    6.31000000000000E+02     5.23800000000000E+03
    6.32000000000000E+02     5.28500000000000E+03
    6.33000000000000E+02     5.58300000000000E+03
    6.34000000000000E+02     5.74100000000000E+03
    6.35000000000000E+02     6.02700000000000E+03
    6.36000000000000E+02     5.98300000000000E+03
    6.37000000000000E+02     6.17500000000000E+03
    6.38000000000000E+02     6.56600000000000E+03
    6.39000000000000E+02     6.42600000000000E+03
    6.40000000000000E+02     6.39800000000000E+03
    6.41000000000000E+02     6.29800000000000E+03
    6.42000000000000E+02     6.44900000000000E+03
    6.43000000000000E+02     6.58200000000000E+03
    6.44000000000000E+02     6.45100000000000E+03
    6.45000000000000E+02     6.60300000000000E+03
    6.46000000000000E+02     6.59800000000000E+03
    6.47000000000000E+02     6.91100000000000E+03
    6.48000000000000E+02     7.07600000000000E+03
    6.49000000000000E+02     7.47200000000000E+03
    6.50000000000000E+02     7.36600000000000E+03
    6.51000000000000E+02     7.61700000000000E+03
    6.52000000000000E+02     7.59800000000000E+03
    6.53000000000000E+02     7.84100000000000E+03
    6.54000000000000E+02     7.82900000000000E+03
    6.55000000000000E+02     8.33200000000000E+03
    6.56000000000000E+02     8.77400000000000E+03
    6.57000000000000E+02     8.93200000000000E+03
    6.58000000000000E+02     9.14100000000000E+03
    6.59000000000000E+02     9.44700000000000E+03
    6.60000000000000E+02     9.92200000000000E+03
    6.61000000000000E+02     1.06260000000000E+04
    6.62000000000000E+02     1.14120000000000E+04
    6.63000000000000E+02     1.23290000000000E+04
    6.64000000000000E+02     1.32200000000000E+04
    6.65000000000000E+02     1.44680000000000E+04
    6.66000000000000E+02     1.55030000000000E+04
    6.67000000000000E+02     1.70630000000000E+04
    6.68000000000000E+02     1.93870000000000E+04
    6.69000000000000E+02     2.07910000000000E+04
