    1.00000000000000E+00     3.35800000000000E+03
    2.00000000000000E+00     3.60300000000000E+03
    3.00000000000000E+00     3.82000000000000E+03
    4.00000000000000E+00     3.98300000000000E+03
    5.00000000000000E+00     3.75500000000000E+03
    6.00000000000000E+00     3.89400000000000E+03
    7.00000000000000E+00     4.08600000000000E+03
    8.00000000000000E+00     3.73300000000000E+03
    9.00000000000000E+00     3.85800000000000E+03
    1.00000000000000E+01     3.89500000000000E+03
    1.10000000000000E+01     3.77400000000000E+03
    1.20000000000000E+01     3.75000000000000E+03
    1.30000000000000E+01     3.97100000000000E+03
    1.40000000000000E+01     3.91000000000000E+03
    1.50000000000000E+01     4.01100000000000E+03
    1.60000000000000E+01     3.74900000000000E+03
    1.70000000000000E+01     3.84200000000000E+03
    1.80000000000000E+01     4.10900000000000E+03
    1.90000000000000E+01     4.05100000000000E+03
    2.00000000000000E+01     4.25500000000000E+03
    2.10000000000000E+01     4.36300000000000E+03
    2.20000000000000E+01     4.21900000000000E+03
    2.30000000000000E+01     4.18700000000000E+03
    2.40000000000000E+01     4.28900000000000E+03
    2.50000000000000E+01     4.55100000000000E+03
    2.60000000000000E+01     4.38700000000000E+03
    2.70000000000000E+01     4.42800000000000E+03
    2.80000000000000E+01     4.22300000000000E+03
    2.90000000000000E+01     4.26500000000000E+03
    3.00000000000000E+01     4.29900000000000E+03
    3.10000000000000E+01     4.19000000000000E+03
    3.20000000000000E+01     4.26300000000000E+03
    3.30000000000000E+01     4.10900000000000E+03
    3.40000000000000E+01     4.30500000000000E+03
    3.50000000000000E+01     4.15900000000000E+03
    3.60000000000000E+01     4.29400000000000E+03
    3.70000000000000E+01     4.29500000000000E+03
    3.80000000000000E+01     4.35100000000000E+03
    3.90000000000000E+01     4.28500000000000E+03
    4.00000000000000E+01     4.35900000000000E+03
    4.10000000000000E+01     4.34000000000000E+03
    4.20000000000000E+01     4.28400000000000E+03
    4.30000000000000E+01     4.16000000000000E+03
    4.40000000000000E+01     4.11400000000000E+03
    4.50000000000000E+01     4.25300000000000E+03
    4.60000000000000E+01     4.23500000000000E+03
    4.70000000000000E+01     4.14300000000000E+03
    4.80000000000000E+01     4.12000000000000E+03
    4.90000000000000E+01     4.04500000000000E+03
    5.00000000000000E+01     4.34700000000000E+03
    5.10000000000000E+01     4.30200000000000E+03
    5.20000000000000E+01     4.24200000000000E+03
    5.30000000000000E+01     3.95500000000000E+03
    5.40000000000000E+01     3.90200000000000E+03
    5.50000000000000E+01     3.73700000000000E+03
    5.60000000000000E+01     3.42500000000000E+03
    5.70000000000000E+01     3.65700000000000E+03
    5.80000000000000E+01     3.87600000000000E+03
    5.90000000000000E+01     3.91700000000000E+03
    6.00000000000000E+01     3.75600000000000E+03
    6.10000000000000E+01     4.14500000000000E+03
    6.20000000000000E+01     3.66100000000000E+03
    6.30000000000000E+01     3.71100000000000E+03
    6.40000000000000E+01     3.94000000000000E+03
    6.50000000000000E+01     3.89800000000000E+03
    6.60000000000000E+01     4.09900000000000E+03
    6.70000000000000E+01     4.11400000000000E+03
    6.80000000000000E+01     4.10400000000000E+03
    6.90000000000000E+01     3.76000000000000E+03
    7.00000000000000E+01     3.99200000000000E+03
    7.10000000000000E+01     3.69800000000000E+03
    7.20000000000000E+01     3.62500000000000E+03
    7.30000000000000E+01     3.61800000000000E+03
    7.40000000000000E+01     3.83700000000000E+03
    7.50000000000000E+01     3.94900000000000E+03
    7.60000000000000E+01     4.00200000000000E+03
    7.70000000000000E+01     4.06000000000000E+03
    7.80000000000000E+01     4.15900000000000E+03
    7.90000000000000E+01     3.75100000000000E+03
    8.00000000000000E+01     3.85700000000000E+03
    8.10000000000000E+01     3.84000000000000E+03
    8.20000000000000E+01     4.13400000000000E+03
    8.30000000000000E+01     4.30700000000000E+03
    8.40000000000000E+01     4.15700000000000E+03
    8.50000000000000E+01     3.93900000000000E+03
    8.60000000000000E+01     3.98100000000000E+03
    8.70000000000000E+01     3.70200000000000E+03
    8.80000000000000E+01     4.01900000000000E+03
    8.90000000000000E+01     3.81300000000000E+03
    9.00000000000000E+01     4.05200000000000E+03
    9.10000000000000E+01     3.89100000000000E+03
    9.20000000000000E+01     4.23600000000000E+03
    9.30000000000000E+01     4.20700000000000E+03
    9.40000000000000E+01     4.44000000000000E+03
    9.50000000000000E+01     4.58200000000000E+03
    9.60000000000000E+01     4.55200000000000E+03
    9.70000000000000E+01     4.45400000000000E+03
    9.80000000000000E+01     4.39200000000000E+03
    9.90000000000000E+01     4.57900000000000E+03
    1.00000000000000E+02     4.18900000000000E+03
    1.01000000000000E+02     4.20000000000000E+03
    1.02000000000000E+02     4.22100000000000E+03
    1.03000000000000E+02     4.00900000000000E+03
    1.04000000000000E+02     3.85900000000000E+03
    1.05000000000000E+02     3.77400000000000E+03
    1.06000000000000E+02     3.91400000000000E+03
    1.07000000000000E+02     3.60900000000000E+03
    1.08000000000000E+02     3.53900000000000E+03
    1.09000000000000E+02     3.59900000000000E+03
    1.10000000000000E+02     3.86100000000000E+03
    1.11000000000000E+02     3.76800000000000E+03
    1.12000000000000E+02     3.82100000000000E+03
    1.13000000000000E+02     4.08800000000000E+03
    1.14000000000000E+02     3.65700000000000E+03
    1.15000000000000E+02     3.81500000000000E+03
    1.16000000000000E+02     3.81400000000000E+03
    1.17000000000000E+02     3.83500000000000E+03
    1.18000000000000E+02     3.95600000000000E+03
    1.19000000000000E+02     3.87200000000000E+03
    1.20000000000000E+02     4.08000000000000E+03
    1.21000000000000E+02     3.91200000000000E+03
    1.22000000000000E+02     3.86500000000000E+03
    1.23000000000000E+02     3.85900000000000E+03
    1.24000000000000E+02     4.15200000000000E+03
    1.25000000000000E+02     3.96800000000000E+03
    1.26000000000000E+02     3.77800000000000E+03
    1.27000000000000E+02     4.00600000000000E+03
    1.28000000000000E+02     3.72000000000000E+03
    1.29000000000000E+02     3.91900000000000E+03
    1.30000000000000E+02     3.51400000000000E+03
    1.31000000000000E+02     3.41900000000000E+03
    1.32000000000000E+02     3.59900000000000E+03
    1.33000000000000E+02     3.78200000000000E+03
    1.34000000000000E+02     4.02500000000000E+03
    1.35000000000000E+02     4.05300000000000E+03
    1.36000000000000E+02     4.18100000000000E+03
    1.37000000000000E+02     3.99200000000000E+03
    1.38000000000000E+02     3.94300000000000E+03
    1.39000000000000E+02     3.84800000000000E+03
    1.40000000000000E+02     3.84400000000000E+03
    1.41000000000000E+02     3.96000000000000E+03
    1.42000000000000E+02     3.61700000000000E+03
    1.43000000000000E+02     3.72700000000000E+03
    1.44000000000000E+02     3.82500000000000E+03
    1.45000000000000E+02     3.90500000000000E+03
    1.46000000000000E+02     3.74300000000000E+03
    1.47000000000000E+02     3.89200000000000E+03
    1.48000000000000E+02     3.96900000000000E+03
    1.49000000000000E+02     3.71400000000000E+03
    1.50000000000000E+02     3.72200000000000E+03
    1.51000000000000E+02     3.87300000000000E+03
    1.52000000000000E+02     3.76400000000000E+03
    1.53000000000000E+02     3.74000000000000E+03
    1.54000000000000E+02     3.74300000000000E+03
    1.55000000000000E+02     4.01900000000000E+03
    1.56000000000000E+02     3.92100000000000E+03
    1.57000000000000E+02     3.92800000000000E+03
    1.58000000000000E+02     3.59900000000000E+03
    1.59000000000000E+02     3.50400000000000E+03
    1.60000000000000E+02     3.47200000000000E+03
    1.61000000000000E+02     3.74100000000000E+03
    1.62000000000000E+02     3.74600000000000E+03
    1.63000000000000E+02     4.28400000000000E+03
    1.64000000000000E+02     4.06100000000000E+03
    1.65000000000000E+02     3.96500000000000E+03
    1.66000000000000E+02     3.75700000000000E+03
    1.67000000000000E+02     3.79100000000000E+03
    1.68000000000000E+02     3.83400000000000E+03
    1.69000000000000E+02     3.83700000000000E+03
    1.70000000000000E+02     4.15300000000000E+03
    1.71000000000000E+02     3.79100000000000E+03
    1.72000000000000E+02     3.88200000000000E+03
    1.73000000000000E+02     3.99800000000000E+03
    1.74000000000000E+02     3.86800000000000E+03
    1.75000000000000E+02     3.86300000000000E+03
    1.76000000000000E+02     3.98600000000000E+03
    1.77000000000000E+02     3.99100000000000E+03
    1.78000000000000E+02     4.01600000000000E+03
    1.79000000000000E+02     4.18300000000000E+03
    1.80000000000000E+02     3.98800000000000E+03
    1.81000000000000E+02     3.95300000000000E+03
    1.82000000000000E+02     4.09700000000000E+03
    1.83000000000000E+02     3.80000000000000E+03
    1.84000000000000E+02     3.80600000000000E+03
    1.85000000000000E+02     3.84500000000000E+03
    1.86000000000000E+02     4.03800000000000E+03
    1.87000000000000E+02     4.00800000000000E+03
    1.88000000000000E+02     3.99700000000000E+03
    1.89000000000000E+02     3.91400000000000E+03
    1.90000000000000E+02     3.45600000000000E+03
    1.91000000000000E+02     3.01500000000000E+03
    1.92000000000000E+02     3.28300000000000E+03
    1.93000000000000E+02     3.64000000000000E+03
    1.94000000000000E+02     3.82600000000000E+03
    1.95000000000000E+02     3.81700000000000E+03
    1.96000000000000E+02     3.88300000000000E+03
    1.97000000000000E+02     3.91400000000000E+03
    1.98000000000000E+02     3.86200000000000E+03
    1.99000000000000E+02     4.17000000000000E+03
    2.00000000000000E+02     3.92500000000000E+03
    2.01000000000000E+02     3.90700000000000E+03
    2.02000000000000E+02     3.92800000000000E+03
    2.03000000000000E+02     3.93200000000000E+03
    2.04000000000000E+02     3.73200000000000E+03
    2.05000000000000E+02     3.85100000000000E+03
    2.06000000000000E+02     4.09400000000000E+03
    2.07000000000000E+02     3.90000000000000E+03
    2.08000000000000E+02     3.86700000000000E+03
    2.09000000000000E+02     3.86000000000000E+03
    2.10000000000000E+02     3.89700000000000E+03
    2.11000000000000E+02     3.81600000000000E+03
    2.12000000000000E+02     4.00400000000000E+03
    2.13000000000000E+02     3.71200000000000E+03
    2.14000000000000E+02     3.64300000000000E+03
    2.15000000000000E+02     3.80700000000000E+03
    2.16000000000000E+02     3.83200000000000E+03
    2.17000000000000E+02     4.04600000000000E+03
    2.18000000000000E+02     3.83300000000000E+03
    2.19000000000000E+02     3.97200000000000E+03
    2.20000000000000E+02     3.93400000000000E+03
    2.21000000000000E+02     4.05300000000000E+03
    2.22000000000000E+02     4.05500000000000E+03
    2.23000000000000E+02     4.11400000000000E+03
    2.24000000000000E+02     4.00700000000000E+03
    2.25000000000000E+02     3.98100000000000E+03
    2.26000000000000E+02     3.95900000000000E+03
    2.27000000000000E+02     3.98000000000000E+03
    2.28000000000000E+02     3.97100000000000E+03
    2.29000000000000E+02     4.06100000000000E+03
    2.30000000000000E+02     3.99800000000000E+03
    2.31000000000000E+02     3.92600000000000E+03
    2.32000000000000E+02     3.85900000000000E+03
    2.33000000000000E+02     3.77700000000000E+03
    2.34000000000000E+02     3.93900000000000E+03
    2.35000000000000E+02     3.68900000000000E+03
    2.36000000000000E+02     3.92200000000000E+03
    2.37000000000000E+02     3.85400000000000E+03
    2.38000000000000E+02     4.24800000000000E+03
    2.39000000000000E+02     4.14700000000000E+03
    2.40000000000000E+02     4.07700000000000E+03
    2.41000000000000E+02     4.10000000000000E+03
    2.42000000000000E+02     4.03100000000000E+03
    2.43000000000000E+02     3.86300000000000E+03
    2.44000000000000E+02     4.01800000000000E+03
    2.45000000000000E+02     3.72400000000000E+03
    2.46000000000000E+02     3.68800000000000E+03
    2.47000000000000E+02     3.80300000000000E+03
    2.48000000000000E+02     4.09600000000000E+03
    2.49000000000000E+02     3.94600000000000E+03
    2.50000000000000E+02     3.63900000000000E+03
    2.51000000000000E+02     3.63400000000000E+03
    2.52000000000000E+02     3.66500000000000E+03
    2.53000000000000E+02     3.79600000000000E+03
    2.54000000000000E+02     3.96700000000000E+03
    2.55000000000000E+02     4.25600000000000E+03
    2.56000000000000E+02     4.48700000000000E+03
    2.57000000000000E+02     4.47800000000000E+03
    2.58000000000000E+02     4.20700000000000E+03
    2.59000000000000E+02     4.14000000000000E+03
    2.60000000000000E+02     4.12000000000000E+03
    2.61000000000000E+02     4.02000000000000E+03
    2.62000000000000E+02     4.02100000000000E+03
    2.63000000000000E+02     3.95700000000000E+03
    2.64000000000000E+02     3.98700000000000E+03
    2.65000000000000E+02     4.11000000000000E+03
    2.66000000000000E+02     4.27300000000000E+03
    2.67000000000000E+02     4.46500000000000E+03
    2.68000000000000E+02     4.48700000000000E+03
    2.69000000000000E+02     4.81500000000000E+03
    2.70000000000000E+02     4.69900000000000E+03
    2.71000000000000E+02     4.55500000000000E+03
    2.72000000000000E+02     4.71600000000000E+03
    2.73000000000000E+02     4.80000000000000E+03
    2.74000000000000E+02     4.59300000000000E+03
    2.75000000000000E+02     4.49000000000000E+03
    2.76000000000000E+02     4.49000000000000E+03
    2.77000000000000E+02     4.23400000000000E+03
    2.78000000000000E+02     4.44400000000000E+03
    2.79000000000000E+02     4.60800000000000E+03
    2.80000000000000E+02     4.67300000000000E+03
    2.81000000000000E+02     4.93200000000000E+03
    2.82000000000000E+02     5.10100000000000E+03
    2.83000000000000E+02     5.15900000000000E+03
    2.84000000000000E+02     5.04000000000000E+03
    2.85000000000000E+02     4.94500000000000E+03
    2.86000000000000E+02     5.45400000000000E+03
    2.87000000000000E+02     5.15600000000000E+03
    2.88000000000000E+02     5.15600000000000E+03
    2.89000000000000E+02     5.11400000000000E+03
    2.90000000000000E+02     4.83900000000000E+03
    2.91000000000000E+02     5.17600000000000E+03
    2.92000000000000E+02     5.32300000000000E+03
    2.93000000000000E+02     5.30200000000000E+03
    2.94000000000000E+02     5.09800000000000E+03
    2.95000000000000E+02     5.19000000000000E+03
    2.96000000000000E+02     4.75100000000000E+03
    2.97000000000000E+02     4.94300000000000E+03
    2.98000000000000E+02     5.22900000000000E+03
    2.99000000000000E+02     5.52300000000000E+03
    3.00000000000000E+02     5.19200000000000E+03
    3.01000000000000E+02     5.28200000000000E+03
    3.02000000000000E+02     5.33400000000000E+03
    3.03000000000000E+02     5.29500000000000E+03
    3.04000000000000E+02     5.30100000000000E+03
    3.05000000000000E+02     5.37700000000000E+03
    3.06000000000000E+02     5.50100000000000E+03
    3.07000000000000E+02     5.42000000000000E+03
    3.08000000000000E+02     5.52400000000000E+03
    3.09000000000000E+02     5.29400000000000E+03
    3.10000000000000E+02     5.49100000000000E+03
    3.11000000000000E+02     5.36900000000000E+03
    3.12000000000000E+02     5.40400000000000E+03
    3.13000000000000E+02     5.43600000000000E+03
    3.14000000000000E+02     5.61200000000000E+03
    3.15000000000000E+02     5.45900000000000E+03
    3.16000000000000E+02     5.34400000000000E+03
    3.17000000000000E+02     5.26400000000000E+03
    3.18000000000000E+02     5.36300000000000E+03
    3.19000000000000E+02     5.46300000000000E+03
    3.20000000000000E+02     5.22400000000000E+03
    3.21000000000000E+02     4.99800000000000E+03
    3.22000000000000E+02     4.66100000000000E+03
    3.23000000000000E+02     4.85400000000000E+03
    3.24000000000000E+02     4.86200000000000E+03
    3.25000000000000E+02     5.13300000000000E+03
    3.26000000000000E+02     5.04000000000000E+03
    3.27000000000000E+02     5.06400000000000E+03
    3.28000000000000E+02     5.05000000000000E+03
    3.29000000000000E+02     4.90100000000000E+03
    3.30000000000000E+02     4.85000000000000E+03
    3.31000000000000E+02     4.99100000000000E+03
    3.32000000000000E+02     5.16900000000000E+03
    3.33000000000000E+02     5.57400000000000E+03
    3.34000000000000E+02     5.50200000000000E+03
    3.35000000000000E+02     5.43100000000000E+03
    3.36000000000000E+02     5.46800000000000E+03
    3.37000000000000E+02     5.73700000000000E+03
    3.38000000000000E+02     5.70600000000000E+03
    3.39000000000000E+02     5.74100000000000E+03
    3.40000000000000E+02     5.97000000000000E+03
    3.41000000000000E+02     5.96500000000000E+03
    3.42000000000000E+02     6.05200000000000E+03
    3.43000000000000E+02     6.14500000000000E+03
    3.44000000000000E+02     6.14300000000000E+03
    3.45000000000000E+02     6.11300000000000E+03
    3.46000000000000E+02     6.61600000000000E+03
    3.47000000000000E+02     6.63100000000000E+03
    3.48000000000000E+02     6.90500000000000E+03
    3.49000000000000E+02     7.05300000000000E+03
    3.50000000000000E+02     7.09500000000000E+03
    3.51000000000000E+02     7.06600000000000E+03
    3.52000000000000E+02     7.37400000000000E+03
    3.53000000000000E+02     7.47300000000000E+03
    3.54000000000000E+02     7.67600000000000E+03
    3.55000000000000E+02     7.72700000000000E+03
    3.56000000000000E+02     8.01600000000000E+03
    3.57000000000000E+02     8.38500000000000E+03
    3.58000000000000E+02     8.67400000000000E+03
    3.59000000000000E+02     9.38200000000000E+03
    3.60000000000000E+02     9.55200000000000E+03
    3.61000000000000E+02     9.65700000000000E+03
    3.62000000000000E+02     1.01250000000000E+04
    3.63000000000000E+02     1.03890000000000E+04
    3.64000000000000E+02     1.09680000000000E+04
    3.65000000000000E+02     1.11470000000000E+04
    3.66000000000000E+02     1.18880000000000E+04
    3.67000000000000E+02     1.28020000000000E+04
    3.68000000000000E+02     1.35950000000000E+04
    3.69000000000000E+02     1.43440000000000E+04
    3.70000000000000E+02     1.57860000000000E+04
    3.71000000000000E+02     1.65670000000000E+04
    3.72000000000000E+02     1.71940000000000E+04
    3.73000000000000E+02     1.86000000000000E+04
    3.74000000000000E+02     1.96040000000000E+04
