    1.00000000000000E+00     3.24400000000000E+03
    2.00000000000000E+00     3.35100000000000E+03
    3.00000000000000E+00     3.83100000000000E+03
    4.00000000000000E+00     3.93600000000000E+03
    5.00000000000000E+00     4.07300000000000E+03
    6.00000000000000E+00     3.98300000000000E+03
    7.00000000000000E+00     3.70900000000000E+03
    8.00000000000000E+00     3.85900000000000E+03
    9.00000000000000E+00     3.87400000000000E+03
    1.00000000000000E+01     4.03800000000000E+03
    1.10000000000000E+01     3.82600000000000E+03
    1.20000000000000E+01     3.89100000000000E+03
    1.30000000000000E+01     4.21200000000000E+03
    1.40000000000000E+01     4.16900000000000E+03
    1.50000000000000E+01     4.18200000000000E+03
    1.60000000000000E+01     3.98100000000000E+03
    1.70000000000000E+01     3.95900000000000E+03
    1.80000000000000E+01     3.90700000000000E+03
    1.90000000000000E+01     3.77700000000000E+03
    2.00000000000000E+01     3.91400000000000E+03
    2.10000000000000E+01     3.70000000000000E+03
    2.20000000000000E+01     3.91700000000000E+03
    2.30000000000000E+01     3.71200000000000E+03
    2.40000000000000E+01     3.88000000000000E+03
    2.50000000000000E+01     3.76200000000000E+03
    2.60000000000000E+01     3.88800000000000E+03
    2.70000000000000E+01     3.85000000000000E+03
    2.80000000000000E+01     4.05400000000000E+03
    2.90000000000000E+01     4.09900000000000E+03
    3.00000000000000E+01     4.27000000000000E+03
    3.10000000000000E+01     3.88300000000000E+03
    3.20000000000000E+01     4.02700000000000E+03
    3.30000000000000E+01     4.00300000000000E+03
    3.40000000000000E+01     4.06400000000000E+03
    3.50000000000000E+01     4.16600000000000E+03
    3.60000000000000E+01     4.12900000000000E+03
    3.70000000000000E+01     4.09200000000000E+03
    3.80000000000000E+01     4.09300000000000E+03
    3.90000000000000E+01     4.06700000000000E+03
    4.00000000000000E+01     4.17900000000000E+03
    4.10000000000000E+01     4.10400000000000E+03
    4.20000000000000E+01     3.99200000000000E+03
    4.30000000000000E+01     3.76700000000000E+03
    4.40000000000000E+01     3.69800000000000E+03
    4.50000000000000E+01     3.74800000000000E+03
    4.60000000000000E+01     3.93100000000000E+03
    4.70000000000000E+01     4.16700000000000E+03
    4.80000000000000E+01     3.94900000000000E+03
    4.90000000000000E+01     3.71000000000000E+03
    5.00000000000000E+01     3.66300000000000E+03
    5.10000000000000E+01     3.88900000000000E+03
    5.20000000000000E+01     3.81000000000000E+03
    5.30000000000000E+01     4.27100000000000E+03
    5.40000000000000E+01     4.25700000000000E+03
    5.50000000000000E+01     4.11900000000000E+03
    5.60000000000000E+01     4.07800000000000E+03
    5.70000000000000E+01     3.94800000000000E+03
    5.80000000000000E+01     3.79400000000000E+03
    5.90000000000000E+01     3.78700000000000E+03
    6.00000000000000E+01     3.98900000000000E+03
    6.10000000000000E+01     3.94900000000000E+03
    6.20000000000000E+01     4.24300000000000E+03
    6.30000000000000E+01     4.20700000000000E+03
    6.40000000000000E+01     4.55100000000000E+03
    6.50000000000000E+01     4.86100000000000E+03
    6.60000000000000E+01     5.03500000000000E+03
    6.70000000000000E+01     5.08200000000000E+03
    6.80000000000000E+01     5.33200000000000E+03
    6.90000000000000E+01     5.43500000000000E+03
    7.00000000000000E+01     5.37900000000000E+03
    7.10000000000000E+01     5.07100000000000E+03
    7.20000000000000E+01     5.39500000000000E+03
    7.30000000000000E+01     5.30500000000000E+03
    7.40000000000000E+01     5.31900000000000E+03
    7.50000000000000E+01     5.59200000000000E+03
    7.60000000000000E+01     5.83600000000000E+03
    7.70000000000000E+01     5.84100000000000E+03
    7.80000000000000E+01     6.02000000000000E+03
    7.90000000000000E+01     5.90100000000000E+03
    8.00000000000000E+01     6.34900000000000E+03
    8.10000000000000E+01     5.94000000000000E+03
    8.20000000000000E+01     5.97000000000000E+03
    8.30000000000000E+01     5.67300000000000E+03
    8.40000000000000E+01     5.75700000000000E+03
    8.50000000000000E+01     5.72500000000000E+03
    8.60000000000000E+01     5.98000000000000E+03
    8.70000000000000E+01     5.82100000000000E+03
    8.80000000000000E+01     5.85300000000000E+03
    8.90000000000000E+01     5.62600000000000E+03
    9.00000000000000E+01     5.69600000000000E+03
    9.10000000000000E+01     5.50200000000000E+03
    9.20000000000000E+01     5.41500000000000E+03
    9.30000000000000E+01     5.02300000000000E+03
    9.40000000000000E+01     5.13800000000000E+03
    9.50000000000000E+01     5.19500000000000E+03
    9.60000000000000E+01     5.08000000000000E+03
    9.70000000000000E+01     4.80400000000000E+03
    9.80000000000000E+01     4.93900000000000E+03
    9.90000000000000E+01     4.52700000000000E+03
    1.00000000000000E+02     4.58600000000000E+03
    1.01000000000000E+02     4.49100000000000E+03
    1.02000000000000E+02     4.26200000000000E+03
    1.03000000000000E+02     4.62200000000000E+03
    1.04000000000000E+02     4.71000000000000E+03
    1.05000000000000E+02     4.75900000000000E+03
    1.06000000000000E+02     4.61600000000000E+03
    1.07000000000000E+02     4.55800000000000E+03
    1.08000000000000E+02     4.59300000000000E+03
    1.09000000000000E+02     4.74300000000000E+03
    1.10000000000000E+02     4.83600000000000E+03
    1.11000000000000E+02     4.91900000000000E+03
    1.12000000000000E+02     4.90000000000000E+03
    1.13000000000000E+02     4.96400000000000E+03
    1.14000000000000E+02     4.93300000000000E+03
    1.15000000000000E+02     4.90900000000000E+03
    1.16000000000000E+02     5.06000000000000E+03
    1.17000000000000E+02     5.11400000000000E+03
    1.18000000000000E+02     5.33600000000000E+03
    1.19000000000000E+02     5.69400000000000E+03
    1.20000000000000E+02     5.51200000000000E+03
    1.21000000000000E+02     5.71900000000000E+03
    1.22000000000000E+02     5.93700000000000E+03
    1.23000000000000E+02     5.86800000000000E+03
    1.24000000000000E+02     5.95200000000000E+03
    1.25000000000000E+02     5.86900000000000E+03
    1.26000000000000E+02     5.85700000000000E+03
    1.27000000000000E+02     5.83900000000000E+03
    1.28000000000000E+02     5.92900000000000E+03
    1.29000000000000E+02     6.05200000000000E+03
    1.30000000000000E+02     6.17900000000000E+03
    1.31000000000000E+02     6.07100000000000E+03
    1.32000000000000E+02     5.58100000000000E+03
    1.33000000000000E+02     5.67000000000000E+03
    1.34000000000000E+02     5.60400000000000E+03
    1.35000000000000E+02     5.87100000000000E+03
    1.36000000000000E+02     6.18400000000000E+03
    1.37000000000000E+02     6.25600000000000E+03
    1.38000000000000E+02     6.48400000000000E+03
    1.39000000000000E+02     6.54900000000000E+03
    1.40000000000000E+02     6.74700000000000E+03
    1.41000000000000E+02     6.61500000000000E+03
    1.42000000000000E+02     6.55100000000000E+03
    1.43000000000000E+02     6.94900000000000E+03
    1.44000000000000E+02     7.32600000000000E+03
    1.45000000000000E+02     7.75000000000000E+03
    1.46000000000000E+02     7.90200000000000E+03
    1.47000000000000E+02     7.95100000000000E+03
    1.48000000000000E+02     8.17700000000000E+03
    1.49000000000000E+02     8.05700000000000E+03
    1.50000000000000E+02     8.33900000000000E+03
    1.51000000000000E+02     8.46200000000000E+03
    1.52000000000000E+02     8.83700000000000E+03
    1.53000000000000E+02     9.28800000000000E+03
    1.54000000000000E+02     9.45800000000000E+03
    1.55000000000000E+02     9.67700000000000E+03
    1.56000000000000E+02     1.01390000000000E+04
    1.57000000000000E+02     1.08000000000000E+04
    1.58000000000000E+02     1.18540000000000E+04
    1.59000000000000E+02     1.28450000000000E+04
    1.60000000000000E+02     1.42810000000000E+04
    1.61000000000000E+02     1.55650000000000E+04
    1.62000000000000E+02     1.72830000000000E+04
    1.63000000000000E+02     1.92470000000000E+04
    1.64000000000000E+02     2.04250000000000E+04
