    1.00000000000000E+00     3.46900000000000E+03
    2.00000000000000E+00     3.75000000000000E+03
    3.00000000000000E+00     3.98300000000000E+03
    4.00000000000000E+00     3.85500000000000E+03
    5.00000000000000E+00     4.23400000000000E+03
    6.00000000000000E+00     4.23100000000000E+03
    7.00000000000000E+00     3.88400000000000E+03
    8.00000000000000E+00     4.03500000000000E+03
    9.00000000000000E+00     4.05100000000000E+03
    1.00000000000000E+01     4.05600000000000E+03
    1.10000000000000E+01     4.00900000000000E+03
    1.20000000000000E+01     3.99000000000000E+03
    1.30000000000000E+01     3.98300000000000E+03
    1.40000000000000E+01     3.95400000000000E+03
    1.50000000000000E+01     4.27400000000000E+03
    1.60000000000000E+01     3.98500000000000E+03
    1.70000000000000E+01     4.12200000000000E+03
    1.80000000000000E+01     4.02900000000000E+03
    1.90000000000000E+01     3.77900000000000E+03
    2.00000000000000E+01     3.62300000000000E+03
    2.10000000000000E+01     3.59200000000000E+03
    2.20000000000000E+01     3.62400000000000E+03
    2.30000000000000E+01     3.98000000000000E+03
    2.40000000000000E+01     3.61500000000000E+03
    2.50000000000000E+01     3.62800000000000E+03
    2.60000000000000E+01     3.70700000000000E+03
    2.70000000000000E+01     3.99000000000000E+03
    2.80000000000000E+01     3.78700000000000E+03
    2.90000000000000E+01     3.88500000000000E+03
    3.00000000000000E+01     3.93200000000000E+03
    3.10000000000000E+01     3.88300000000000E+03
    3.20000000000000E+01     4.00900000000000E+03
    3.30000000000000E+01     4.08400000000000E+03
    3.40000000000000E+01     4.10000000000000E+03
    3.50000000000000E+01     3.82100000000000E+03
    3.60000000000000E+01     3.78100000000000E+03
    3.70000000000000E+01     4.00400000000000E+03
    3.80000000000000E+01     3.86900000000000E+03
    3.90000000000000E+01     3.94700000000000E+03
    4.00000000000000E+01     3.77700000000000E+03
    4.10000000000000E+01     3.91600000000000E+03
    4.20000000000000E+01     4.09100000000000E+03
    4.30000000000000E+01     3.73200000000000E+03
    4.40000000000000E+01     4.11100000000000E+03
    4.50000000000000E+01     3.82600000000000E+03
    4.60000000000000E+01     4.08700000000000E+03
    4.70000000000000E+01     3.84800000000000E+03
    4.80000000000000E+01     4.02800000000000E+03
    4.90000000000000E+01     4.00800000000000E+03
    5.00000000000000E+01     3.95900000000000E+03
    5.10000000000000E+01     3.83800000000000E+03
    5.20000000000000E+01     4.02600000000000E+03
    5.30000000000000E+01     3.93800000000000E+03
    5.40000000000000E+01     3.84800000000000E+03
    5.50000000000000E+01     4.19800000000000E+03
    5.60000000000000E+01     4.11500000000000E+03
    5.70000000000000E+01     4.09900000000000E+03
    5.80000000000000E+01     4.04100000000000E+03
    5.90000000000000E+01     3.91000000000000E+03
    6.00000000000000E+01     3.80300000000000E+03
    6.10000000000000E+01     3.63200000000000E+03
    6.20000000000000E+01     3.80800000000000E+03
    6.30000000000000E+01     3.97700000000000E+03
    6.40000000000000E+01     3.58800000000000E+03
    6.50000000000000E+01     3.88500000000000E+03
    6.60000000000000E+01     3.82700000000000E+03
    6.70000000000000E+01     4.03900000000000E+03
    6.80000000000000E+01     3.98100000000000E+03
    6.90000000000000E+01     3.93800000000000E+03
    7.00000000000000E+01     3.97900000000000E+03
    7.10000000000000E+01     4.15300000000000E+03
    7.20000000000000E+01     4.08700000000000E+03
    7.30000000000000E+01     4.11600000000000E+03
    7.40000000000000E+01     4.09600000000000E+03
    7.50000000000000E+01     4.05200000000000E+03
    7.60000000000000E+01     3.98500000000000E+03
    7.70000000000000E+01     4.04700000000000E+03
    7.80000000000000E+01     4.17200000000000E+03
    7.90000000000000E+01     3.93200000000000E+03
    8.00000000000000E+01     3.97800000000000E+03
    8.10000000000000E+01     3.84500000000000E+03
    8.20000000000000E+01     3.82700000000000E+03
    8.30000000000000E+01     4.06000000000000E+03
    8.40000000000000E+01     3.69700000000000E+03
    8.50000000000000E+01     3.89900000000000E+03
    8.60000000000000E+01     3.55500000000000E+03
    8.70000000000000E+01     3.39300000000000E+03
    8.80000000000000E+01     3.45400000000000E+03
    8.90000000000000E+01     3.66900000000000E+03
    9.00000000000000E+01     3.87800000000000E+03
    9.10000000000000E+01     3.92600000000000E+03
    9.20000000000000E+01     3.87900000000000E+03
    9.30000000000000E+01     3.90000000000000E+03
    9.40000000000000E+01     3.95700000000000E+03
    9.50000000000000E+01     4.06300000000000E+03
    9.60000000000000E+01     4.16400000000000E+03
    9.70000000000000E+01     4.11500000000000E+03
    9.80000000000000E+01     4.09500000000000E+03
    9.90000000000000E+01     4.17300000000000E+03
    1.00000000000000E+02     4.33900000000000E+03
    1.01000000000000E+02     4.29800000000000E+03
    1.02000000000000E+02     4.16200000000000E+03
    1.03000000000000E+02     4.20800000000000E+03
    1.04000000000000E+02     3.83700000000000E+03
    1.05000000000000E+02     3.90700000000000E+03
    1.06000000000000E+02     3.50000000000000E+03
    1.07000000000000E+02     3.68300000000000E+03
    1.08000000000000E+02     3.91900000000000E+03
    1.09000000000000E+02     3.55800000000000E+03
    1.10000000000000E+02     3.67400000000000E+03
    1.11000000000000E+02     3.81000000000000E+03
    1.12000000000000E+02     3.93900000000000E+03
    1.13000000000000E+02     3.74100000000000E+03
    1.14000000000000E+02     3.85300000000000E+03
    1.15000000000000E+02     3.96500000000000E+03
    1.16000000000000E+02     3.89600000000000E+03
    1.17000000000000E+02     3.74700000000000E+03
    1.18000000000000E+02     3.80600000000000E+03
    1.19000000000000E+02     4.12500000000000E+03
    1.20000000000000E+02     3.97100000000000E+03
    1.21000000000000E+02     3.78600000000000E+03
    1.22000000000000E+02     3.99500000000000E+03
    1.23000000000000E+02     4.14000000000000E+03
    1.24000000000000E+02     3.76900000000000E+03
    1.25000000000000E+02     4.13500000000000E+03
    1.26000000000000E+02     3.98700000000000E+03
    1.27000000000000E+02     3.92800000000000E+03
    1.28000000000000E+02     3.92900000000000E+03
    1.29000000000000E+02     3.89000000000000E+03
    1.30000000000000E+02     3.82600000000000E+03
    1.31000000000000E+02     3.97300000000000E+03
    1.32000000000000E+02     3.67100000000000E+03
    1.33000000000000E+02     3.90400000000000E+03
    1.34000000000000E+02     3.48100000000000E+03
    1.35000000000000E+02     3.70000000000000E+03
    1.36000000000000E+02     4.01300000000000E+03
    1.37000000000000E+02     3.62100000000000E+03
    1.38000000000000E+02     3.71200000000000E+03
    1.39000000000000E+02     3.79000000000000E+03
    1.40000000000000E+02     3.97800000000000E+03
    1.41000000000000E+02     3.72600000000000E+03
    1.42000000000000E+02     3.95900000000000E+03
    1.43000000000000E+02     3.78700000000000E+03
    1.44000000000000E+02     3.84700000000000E+03
    1.45000000000000E+02     3.88900000000000E+03
    1.46000000000000E+02     3.98900000000000E+03
    1.47000000000000E+02     4.30300000000000E+03
    1.48000000000000E+02     4.33000000000000E+03
    1.49000000000000E+02     4.40600000000000E+03
    1.50000000000000E+02     4.25100000000000E+03
    1.51000000000000E+02     4.31400000000000E+03
    1.52000000000000E+02     4.35500000000000E+03
    1.53000000000000E+02     4.38500000000000E+03
    1.54000000000000E+02     4.34800000000000E+03
    1.55000000000000E+02     4.15100000000000E+03
    1.56000000000000E+02     4.26200000000000E+03
    1.57000000000000E+02     4.46800000000000E+03
    1.58000000000000E+02     4.39400000000000E+03
    1.59000000000000E+02     4.22300000000000E+03
    1.60000000000000E+02     4.03100000000000E+03
    1.61000000000000E+02     4.16100000000000E+03
    1.62000000000000E+02     3.94700000000000E+03
    1.63000000000000E+02     3.74800000000000E+03
    1.64000000000000E+02     3.71800000000000E+03
    1.65000000000000E+02     4.09500000000000E+03
    1.66000000000000E+02     3.74600000000000E+03
    1.67000000000000E+02     3.93900000000000E+03
    1.68000000000000E+02     3.63900000000000E+03
    1.69000000000000E+02     3.80300000000000E+03
    1.70000000000000E+02     4.05800000000000E+03
    1.71000000000000E+02     3.80000000000000E+03
    1.72000000000000E+02     4.03300000000000E+03
    1.73000000000000E+02     3.76800000000000E+03
    1.74000000000000E+02     3.81700000000000E+03
    1.75000000000000E+02     3.77400000000000E+03
    1.76000000000000E+02     3.99200000000000E+03
    1.77000000000000E+02     3.90100000000000E+03
    1.78000000000000E+02     3.90100000000000E+03
    1.79000000000000E+02     3.93900000000000E+03
    1.80000000000000E+02     3.97500000000000E+03
    1.81000000000000E+02     3.83700000000000E+03
    1.82000000000000E+02     3.40900000000000E+03
    1.83000000000000E+02     3.81700000000000E+03
    1.84000000000000E+02     3.93900000000000E+03
    1.85000000000000E+02     3.87300000000000E+03
    1.86000000000000E+02     3.75900000000000E+03
    1.87000000000000E+02     3.99500000000000E+03
    1.88000000000000E+02     3.70700000000000E+03
    1.89000000000000E+02     3.70200000000000E+03
    1.90000000000000E+02     3.92700000000000E+03
    1.91000000000000E+02     3.75600000000000E+03
    1.92000000000000E+02     4.00700000000000E+03
    1.93000000000000E+02     3.86100000000000E+03
    1.94000000000000E+02     4.06600000000000E+03
    1.95000000000000E+02     3.72900000000000E+03
    1.96000000000000E+02     3.85500000000000E+03
    1.97000000000000E+02     3.83500000000000E+03
    1.98000000000000E+02     4.21400000000000E+03
    1.99000000000000E+02     3.90500000000000E+03
    2.00000000000000E+02     3.79700000000000E+03
    2.01000000000000E+02     3.86000000000000E+03
    2.02000000000000E+02     4.00500000000000E+03
    2.03000000000000E+02     3.84600000000000E+03
    2.04000000000000E+02     3.95900000000000E+03
    2.05000000000000E+02     3.89800000000000E+03
    2.06000000000000E+02     4.11000000000000E+03
    2.07000000000000E+02     4.23500000000000E+03
    2.08000000000000E+02     3.88600000000000E+03
    2.09000000000000E+02     3.89700000000000E+03
    2.10000000000000E+02     4.02900000000000E+03
    2.11000000000000E+02     4.01500000000000E+03
    2.12000000000000E+02     4.28400000000000E+03
    2.13000000000000E+02     4.18200000000000E+03
    2.14000000000000E+02     4.12300000000000E+03
    2.15000000000000E+02     3.89100000000000E+03
    2.16000000000000E+02     3.93300000000000E+03
    2.17000000000000E+02     3.97600000000000E+03
    2.18000000000000E+02     3.77300000000000E+03
    2.19000000000000E+02     3.50600000000000E+03
    2.20000000000000E+02     3.54300000000000E+03
    2.21000000000000E+02     3.52300000000000E+03
    2.22000000000000E+02     4.03300000000000E+03
    2.23000000000000E+02     4.04800000000000E+03
    2.24000000000000E+02     4.10900000000000E+03
    2.25000000000000E+02     3.79900000000000E+03
    2.26000000000000E+02     3.82100000000000E+03
    2.27000000000000E+02     3.90900000000000E+03
    2.28000000000000E+02     3.60100000000000E+03
    2.29000000000000E+02     3.54000000000000E+03
    2.30000000000000E+02     3.72300000000000E+03
    2.31000000000000E+02     3.88300000000000E+03
    2.32000000000000E+02     3.83300000000000E+03
    2.33000000000000E+02     3.81400000000000E+03
    2.34000000000000E+02     3.80800000000000E+03
    2.35000000000000E+02     4.09000000000000E+03
    2.36000000000000E+02     4.18600000000000E+03
    2.37000000000000E+02     3.90600000000000E+03
    2.38000000000000E+02     4.09600000000000E+03
    2.39000000000000E+02     4.22900000000000E+03
    2.40000000000000E+02     4.11900000000000E+03
    2.41000000000000E+02     4.08300000000000E+03
    2.42000000000000E+02     3.83200000000000E+03
    2.43000000000000E+02     3.78800000000000E+03
    2.44000000000000E+02     4.09600000000000E+03
    2.45000000000000E+02     3.96100000000000E+03
    2.46000000000000E+02     4.04400000000000E+03
    2.47000000000000E+02     4.19600000000000E+03
    2.48000000000000E+02     4.11800000000000E+03
    2.49000000000000E+02     4.05600000000000E+03
    2.50000000000000E+02     3.91100000000000E+03
    2.51000000000000E+02     4.01600000000000E+03
    2.52000000000000E+02     3.81300000000000E+03
    2.53000000000000E+02     3.63600000000000E+03
    2.54000000000000E+02     3.84300000000000E+03
    2.55000000000000E+02     3.83300000000000E+03
    2.56000000000000E+02     4.17100000000000E+03
    2.57000000000000E+02     3.90200000000000E+03
    2.58000000000000E+02     4.07100000000000E+03
    2.59000000000000E+02     3.92900000000000E+03
    2.60000000000000E+02     3.97100000000000E+03
    2.61000000000000E+02     3.93300000000000E+03
    2.62000000000000E+02     4.07000000000000E+03
    2.63000000000000E+02     4.10100000000000E+03
    2.64000000000000E+02     3.86000000000000E+03
    2.65000000000000E+02     3.72500000000000E+03
    2.66000000000000E+02     3.71400000000000E+03
    2.67000000000000E+02     3.91600000000000E+03
    2.68000000000000E+02     3.64600000000000E+03
    2.69000000000000E+02     3.58700000000000E+03
    2.70000000000000E+02     3.87400000000000E+03
    2.71000000000000E+02     3.78600000000000E+03
    2.72000000000000E+02     3.98700000000000E+03
    2.73000000000000E+02     4.13400000000000E+03
    2.74000000000000E+02     4.00200000000000E+03
    2.75000000000000E+02     4.11300000000000E+03
    2.76000000000000E+02     3.97400000000000E+03
    2.77000000000000E+02     3.97500000000000E+03
    2.78000000000000E+02     3.98700000000000E+03
    2.79000000000000E+02     3.97000000000000E+03
    2.80000000000000E+02     3.86000000000000E+03
    2.81000000000000E+02     3.92900000000000E+03
    2.82000000000000E+02     3.87900000000000E+03
    2.83000000000000E+02     3.81400000000000E+03
    2.84000000000000E+02     4.09600000000000E+03
    2.85000000000000E+02     3.81400000000000E+03
    2.86000000000000E+02     3.86200000000000E+03
    2.87000000000000E+02     3.97300000000000E+03
    2.88000000000000E+02     3.76100000000000E+03
    2.89000000000000E+02     3.76200000000000E+03
    2.90000000000000E+02     3.76500000000000E+03
    2.91000000000000E+02     3.80900000000000E+03
    2.92000000000000E+02     4.00400000000000E+03
    2.93000000000000E+02     3.90000000000000E+03
    2.94000000000000E+02     3.85800000000000E+03
    2.95000000000000E+02     3.80200000000000E+03
    2.96000000000000E+02     3.77500000000000E+03
    2.97000000000000E+02     3.92700000000000E+03
    2.98000000000000E+02     3.80200000000000E+03
    2.99000000000000E+02     4.01400000000000E+03
    3.00000000000000E+02     4.16900000000000E+03
    3.01000000000000E+02     4.17500000000000E+03
    3.02000000000000E+02     4.09600000000000E+03
    3.03000000000000E+02     3.68900000000000E+03
    3.04000000000000E+02     3.88100000000000E+03
    3.05000000000000E+02     3.59600000000000E+03
    3.06000000000000E+02     3.73600000000000E+03
    3.07000000000000E+02     3.90000000000000E+03
    3.08000000000000E+02     3.54300000000000E+03
    3.09000000000000E+02     3.79600000000000E+03
    3.10000000000000E+02     3.80800000000000E+03
    3.11000000000000E+02     3.96600000000000E+03
    3.12000000000000E+02     3.72100000000000E+03
    3.13000000000000E+02     3.93200000000000E+03
    3.14000000000000E+02     3.68000000000000E+03
    3.15000000000000E+02     3.96600000000000E+03
    3.16000000000000E+02     3.66100000000000E+03
    3.17000000000000E+02     3.85500000000000E+03
    3.18000000000000E+02     3.84700000000000E+03
    3.19000000000000E+02     3.98100000000000E+03
    3.20000000000000E+02     3.73600000000000E+03
    3.21000000000000E+02     4.02000000000000E+03
    3.22000000000000E+02     3.72000000000000E+03
    3.23000000000000E+02     3.90100000000000E+03
    3.24000000000000E+02     3.85300000000000E+03
    3.25000000000000E+02     4.08900000000000E+03
    3.26000000000000E+02     3.96400000000000E+03
    3.27000000000000E+02     3.73800000000000E+03
    3.28000000000000E+02     3.70800000000000E+03
    3.29000000000000E+02     3.88300000000000E+03
    3.30000000000000E+02     3.74400000000000E+03
    3.31000000000000E+02     3.75000000000000E+03
    3.32000000000000E+02     3.86900000000000E+03
    3.33000000000000E+02     3.75900000000000E+03
    3.34000000000000E+02     4.19000000000000E+03
    3.35000000000000E+02     4.07200000000000E+03
    3.36000000000000E+02     4.05800000000000E+03
    3.37000000000000E+02     4.05000000000000E+03
    3.38000000000000E+02     4.18200000000000E+03
    3.39000000000000E+02     4.24500000000000E+03
    3.40000000000000E+02     4.11400000000000E+03
    3.41000000000000E+02     3.93900000000000E+03
    3.42000000000000E+02     3.78600000000000E+03
    3.43000000000000E+02     3.31900000000000E+03
    3.44000000000000E+02     3.49100000000000E+03
    3.45000000000000E+02     3.59200000000000E+03
    3.46000000000000E+02     3.60200000000000E+03
    3.47000000000000E+02     3.58500000000000E+03
    3.48000000000000E+02     3.86200000000000E+03
    3.49000000000000E+02     3.86300000000000E+03
    3.50000000000000E+02     4.17400000000000E+03
    3.51000000000000E+02     4.21700000000000E+03
    3.52000000000000E+02     4.09300000000000E+03
    3.53000000000000E+02     4.19000000000000E+03
    3.54000000000000E+02     4.34900000000000E+03
    3.55000000000000E+02     4.36800000000000E+03
    3.56000000000000E+02     4.40500000000000E+03
    3.57000000000000E+02     4.30400000000000E+03
    3.58000000000000E+02     4.28700000000000E+03
    3.59000000000000E+02     4.32500000000000E+03
    3.60000000000000E+02     4.08300000000000E+03
    3.61000000000000E+02     3.93400000000000E+03
    3.62000000000000E+02     3.88900000000000E+03
    3.63000000000000E+02     3.93100000000000E+03
    3.64000000000000E+02     3.67100000000000E+03
    3.65000000000000E+02     3.78000000000000E+03
    3.66000000000000E+02     3.92400000000000E+03
    3.67000000000000E+02     3.76400000000000E+03
    3.68000000000000E+02     3.70800000000000E+03
    3.69000000000000E+02     3.86000000000000E+03
    3.70000000000000E+02     3.91700000000000E+03
    3.71000000000000E+02     3.75700000000000E+03
    3.72000000000000E+02     4.00100000000000E+03
    3.73000000000000E+02     3.78900000000000E+03
    3.74000000000000E+02     4.23900000000000E+03
    3.75000000000000E+02     3.95600000000000E+03
    3.76000000000000E+02     4.06700000000000E+03
    3.77000000000000E+02     4.21200000000000E+03
    3.78000000000000E+02     4.21900000000000E+03
    3.79000000000000E+02     4.10000000000000E+03
    3.80000000000000E+02     3.99200000000000E+03
    3.81000000000000E+02     4.14800000000000E+03
    3.82000000000000E+02     3.82900000000000E+03
    3.83000000000000E+02     3.86500000000000E+03
    3.84000000000000E+02     3.93900000000000E+03
    3.85000000000000E+02     3.91400000000000E+03
    3.86000000000000E+02     4.00700000000000E+03
    3.87000000000000E+02     3.90500000000000E+03
    3.88000000000000E+02     4.12800000000000E+03
    3.89000000000000E+02     3.95400000000000E+03
    3.90000000000000E+02     4.07000000000000E+03
    3.91000000000000E+02     3.82100000000000E+03
    3.92000000000000E+02     3.57600000000000E+03
    3.93000000000000E+02     3.74700000000000E+03
    3.94000000000000E+02     3.78900000000000E+03
    3.95000000000000E+02     3.87300000000000E+03
    3.96000000000000E+02     3.74200000000000E+03
    3.97000000000000E+02     4.06600000000000E+03
    3.98000000000000E+02     3.95200000000000E+03
    3.99000000000000E+02     3.89900000000000E+03
    4.00000000000000E+02     3.95100000000000E+03
    4.01000000000000E+02     3.89700000000000E+03
    4.02000000000000E+02     3.62200000000000E+03
    4.03000000000000E+02     3.65500000000000E+03
    4.04000000000000E+02     4.02500000000000E+03
    4.05000000000000E+02     3.82600000000000E+03
    4.06000000000000E+02     4.03400000000000E+03
    4.07000000000000E+02     3.92500000000000E+03
    4.08000000000000E+02     3.79800000000000E+03
    4.09000000000000E+02     4.06900000000000E+03
    4.10000000000000E+02     4.10200000000000E+03
    4.11000000000000E+02     4.20400000000000E+03
    4.12000000000000E+02     3.97800000000000E+03
    4.13000000000000E+02     4.00500000000000E+03
    4.14000000000000E+02     4.00400000000000E+03
    4.15000000000000E+02     3.68400000000000E+03
    4.16000000000000E+02     3.47100000000000E+03
    4.17000000000000E+02     3.71700000000000E+03
    4.18000000000000E+02     3.87000000000000E+03
    4.19000000000000E+02     3.76400000000000E+03
    4.20000000000000E+02     3.95400000000000E+03
    4.21000000000000E+02     3.61500000000000E+03
    4.22000000000000E+02     3.82400000000000E+03
    4.23000000000000E+02     3.94400000000000E+03
    4.24000000000000E+02     3.65600000000000E+03
    4.25000000000000E+02     3.79500000000000E+03
    4.26000000000000E+02     4.20200000000000E+03
    4.27000000000000E+02     4.10400000000000E+03
    4.28000000000000E+02     4.24500000000000E+03
    4.29000000000000E+02     4.03900000000000E+03
    4.30000000000000E+02     4.08400000000000E+03
    4.31000000000000E+02     3.87500000000000E+03
    4.32000000000000E+02     4.01900000000000E+03
    4.33000000000000E+02     4.20500000000000E+03
    4.34000000000000E+02     4.03500000000000E+03
    4.35000000000000E+02     4.08200000000000E+03
    4.36000000000000E+02     4.09300000000000E+03
    4.37000000000000E+02     4.16600000000000E+03
    4.38000000000000E+02     4.02400000000000E+03
    4.39000000000000E+02     4.04200000000000E+03
    4.40000000000000E+02     4.25900000000000E+03
    4.41000000000000E+02     4.06000000000000E+03
    4.42000000000000E+02     4.16500000000000E+03
    4.43000000000000E+02     4.12200000000000E+03
    4.44000000000000E+02     4.29000000000000E+03
    4.45000000000000E+02     4.04600000000000E+03
    4.46000000000000E+02     3.96000000000000E+03
    4.47000000000000E+02     3.66100000000000E+03
    4.48000000000000E+02     3.72500000000000E+03
    4.49000000000000E+02     3.92900000000000E+03
    4.50000000000000E+02     3.66200000000000E+03
    4.51000000000000E+02     3.81100000000000E+03
    4.52000000000000E+02     3.78500000000000E+03
    4.53000000000000E+02     3.75400000000000E+03
    4.54000000000000E+02     3.81900000000000E+03
    4.55000000000000E+02     3.83200000000000E+03
    4.56000000000000E+02     3.82800000000000E+03
    4.57000000000000E+02     3.91000000000000E+03
    4.58000000000000E+02     4.01300000000000E+03
    4.59000000000000E+02     3.74200000000000E+03
    4.60000000000000E+02     3.92900000000000E+03
    4.61000000000000E+02     3.52600000000000E+03
    4.62000000000000E+02     3.58800000000000E+03
    4.63000000000000E+02     3.74800000000000E+03
    4.64000000000000E+02     3.89200000000000E+03
    4.65000000000000E+02     3.75100000000000E+03
    4.66000000000000E+02     3.85200000000000E+03
    4.67000000000000E+02     4.14100000000000E+03
    4.68000000000000E+02     4.09000000000000E+03
    4.69000000000000E+02     4.13100000000000E+03
    4.70000000000000E+02     4.21900000000000E+03
    4.71000000000000E+02     4.16300000000000E+03
    4.72000000000000E+02     4.34300000000000E+03
    4.73000000000000E+02     4.34700000000000E+03
    4.74000000000000E+02     4.28400000000000E+03
    4.75000000000000E+02     4.34900000000000E+03
    4.76000000000000E+02     4.31200000000000E+03
    4.77000000000000E+02     4.23600000000000E+03
    4.78000000000000E+02     4.38100000000000E+03
    4.79000000000000E+02     4.51900000000000E+03
    4.80000000000000E+02     4.71600000000000E+03
    4.81000000000000E+02     4.42100000000000E+03
    4.82000000000000E+02     4.65500000000000E+03
    4.83000000000000E+02     4.58600000000000E+03
    4.84000000000000E+02     4.38500000000000E+03
    4.85000000000000E+02     4.66100000000000E+03
    4.86000000000000E+02     4.58800000000000E+03
    4.87000000000000E+02     4.80300000000000E+03
    4.88000000000000E+02     5.02600000000000E+03
    4.89000000000000E+02     5.07200000000000E+03
    4.90000000000000E+02     5.21100000000000E+03
    4.91000000000000E+02     5.41500000000000E+03
    4.92000000000000E+02     5.67300000000000E+03
    4.93000000000000E+02     5.74300000000000E+03
    4.94000000000000E+02     5.95300000000000E+03
    4.95000000000000E+02     5.97100000000000E+03
    4.96000000000000E+02     5.91900000000000E+03
    4.97000000000000E+02     6.03500000000000E+03
    4.98000000000000E+02     5.99900000000000E+03
    4.99000000000000E+02     6.05400000000000E+03
    5.00000000000000E+02     6.06200000000000E+03
    5.01000000000000E+02     5.95500000000000E+03
    5.02000000000000E+02     6.04500000000000E+03
    5.03000000000000E+02     5.95300000000000E+03
    5.04000000000000E+02     6.06400000000000E+03
    5.05000000000000E+02     6.24600000000000E+03
    5.06000000000000E+02     6.17900000000000E+03
    5.07000000000000E+02     5.94200000000000E+03
    5.08000000000000E+02     6.38500000000000E+03
    5.09000000000000E+02     6.39800000000000E+03
    5.10000000000000E+02     6.37500000000000E+03
    5.11000000000000E+02     6.39000000000000E+03
    5.12000000000000E+02     6.28100000000000E+03
    5.13000000000000E+02     6.07100000000000E+03
    5.14000000000000E+02     6.37800000000000E+03
    5.15000000000000E+02     6.09200000000000E+03
    5.16000000000000E+02     6.24600000000000E+03
    5.17000000000000E+02     6.10400000000000E+03
    5.18000000000000E+02     6.50900000000000E+03
    5.19000000000000E+02     6.70100000000000E+03
    5.20000000000000E+02     6.90900000000000E+03
    5.21000000000000E+02     6.95100000000000E+03
    5.22000000000000E+02     7.04700000000000E+03
    5.23000000000000E+02     7.46600000000000E+03
    5.24000000000000E+02     7.34800000000000E+03
    5.25000000000000E+02     7.32800000000000E+03
    5.26000000000000E+02     7.32000000000000E+03
    5.27000000000000E+02     7.68600000000000E+03
    5.28000000000000E+02     8.09100000000000E+03
    5.29000000000000E+02     8.18200000000000E+03
    5.30000000000000E+02     8.61600000000000E+03
    5.31000000000000E+02     9.40100000000000E+03
    5.32000000000000E+02     1.01620000000000E+04
    5.33000000000000E+02     1.04110000000000E+04
    5.34000000000000E+02     1.10630000000000E+04
    5.35000000000000E+02     1.15460000000000E+04
    5.36000000000000E+02     1.23530000000000E+04
    5.37000000000000E+02     1.32890000000000E+04
    5.38000000000000E+02     1.42760000000000E+04
    5.39000000000000E+02     1.55770000000000E+04
    5.40000000000000E+02     1.70770000000000E+04
    5.41000000000000E+02     1.82890000000000E+04
    5.42000000000000E+02     1.92400000000000E+04
    5.43000000000000E+02     2.04760000000000E+04
